3.715183958411216736e-02 5.130016803741455078e-02
3.739966824650764465e-02 5.253690108656883240e-02
3.872063010931015015e-02 6.079881265759468079e-02
4.387709498405456543e-02 9.462188184261322021e-02
4.034832492470741272e-02 7.005029916763305664e-02
4.084620997309684753e-02 7.508724927902221680e-02
3.395133838057518005e-02 3.826776519417762756e-02
3.697559982538223267e-02 5.342995375394821167e-02
3.567103296518325806e-02 5.015518516302108765e-02
3.556391596794128418e-02 4.796024411916732788e-02
3.990127518773078918e-02 7.730996608734130859e-02
4.059354960918426514e-02 8.656051754951477051e-02
3.449183329939842224e-02 4.159105196595191956e-02
3.805181756615638733e-02 5.866304412484169006e-02
3.339671716094017029e-02 3.477369248867034912e-02
3.328872472047805786e-02 3.423091024160385132e-02
4.156779125332832336e-02 9.287606924772262573e-02
3.428021818399429321e-02 4.033121466636657715e-02
3.474859148263931274e-02 4.518746584653854370e-02
3.992978483438491821e-02 7.874545454978942871e-02
3.272061794996261597e-02 2.910799905657768250e-02
3.352386876940727234e-02 3.786770999431610107e-02
3.502957522869110107e-02 4.912954568862915039e-02
4.037646204233169556e-02 8.373022079467773438e-02
3.568844497203826904e-02 5.230272561311721802e-02
3.668467327952384949e-02 4.763036966323852539e-02
3.512624651193618774e-02 4.165090247988700867e-02
3.650287166237831116e-02 4.826833307743072510e-02
3.904280066490173340e-02 6.766888499259948730e-02
3.718338161706924438e-02 5.292148143053054810e-02
3.734231367707252502e-02 5.320098996162414551e-02
3.685566037893295288e-02 4.592614248394966125e-02
3.637966513633728027e-02 4.996173828840255737e-02
3.837960585951805115e-02 6.097134947776794434e-02
3.396983817219734192e-02 4.387395828962326050e-02
3.802226111292839050e-02 5.375557020306587219e-02
3.864157944917678833e-02 5.839931219816207886e-02
3.262631967663764954e-02 2.873986400663852692e-02
3.292974829673767090e-02 2.821356803178787231e-02
3.242408856749534607e-02 2.483555488288402557e-02
3.497041389346122742e-02 3.592864423990249634e-02
3.300235792994499207e-02 2.566378563642501831e-02
3.233814984560012817e-02 2.431730180978775024e-02
3.186729922890663147e-02 2.143965661525726318e-02
3.547651693224906921e-02 4.000043496489524841e-02
3.187976032495498657e-02 2.132286317646503448e-02
3.189411014318466187e-02 2.179454080760478973e-02
3.188290819525718689e-02 1.946938596665859222e-02
3.212792053818702698e-02 2.390879765152931213e-02
3.202063590288162231e-02 2.364348992705345154e-02
3.236672282218933105e-02 2.689503505825996399e-02
3.245310112833976746e-02 2.888718806207180023e-02
3.397551551461219788e-02 3.917090967297554016e-02
3.501382470130920410e-02 4.999851435422897339e-02
3.296820074319839478e-02 3.180943429470062256e-02
3.728510439395904541e-02 5.957587063312530518e-02
3.340302407741546631e-02 3.645144030451774597e-02
3.599328547716140747e-02 5.362954735755920410e-02
3.360746428370475769e-02 3.761329129338264465e-02
3.543294221162796021e-02 5.403887480497360229e-02
3.378253430128097534e-02 4.072181507945060730e-02
3.343453258275985718e-02 3.589210659265518188e-02
3.290797024965286255e-02 3.303240612149238586e-02
3.289286047220230103e-02 3.249937295913696289e-02
3.293081372976303101e-02 3.434767946600914001e-02
3.306795656681060791e-02 3.323805704712867737e-02
3.282290324568748474e-02 3.249432146549224854e-02
3.324311971664428711e-02 3.364726155996322632e-02
3.280796110630035400e-02 3.286696225404739380e-02
3.291918709874153137e-02 3.254516422748565674e-02
3.315410017967224121e-02 3.302267193794250488e-02
3.344634920358657837e-02 3.755951300263404846e-02
3.324687480926513672e-02 3.418680280447006226e-02
3.309504687786102295e-02 3.402995690703392029e-02
3.303427994251251221e-02 3.404600545763969421e-02
3.304560109972953796e-02 3.376175835728645325e-02
3.615288436412811279e-02 5.819151550531387329e-02
3.305307775735855103e-02 3.373256325721740723e-02
3.303075209259986877e-02 3.332319855690002441e-02
3.307520598173141479e-02 3.348327428102493286e-02
3.307413682341575623e-02 3.364155068993568420e-02
3.292907029390335083e-02 3.279497474431991577e-02
3.322197496891021729e-02 3.387167304754257202e-02
3.343157470226287842e-02 3.585064411163330078e-02
3.314133733510971069e-02 3.390650823712348938e-02
3.315719217061996460e-02 3.400997444987297058e-02
3.321469575166702271e-02 3.410862386226654053e-02
3.312205523252487183e-02 3.396173194050788879e-02
3.308105096220970154e-02 3.374015167355537415e-02
3.311522305011749268e-02 3.387666121125221252e-02
3.306404501199722290e-02 3.359501436352729797e-02
3.289493918418884277e-02 3.232930600643157959e-02
3.303981572389602661e-02 3.358822315931320190e-02
3.314805403351783752e-02 3.394987806677818298e-02
3.294724598526954651e-02 3.325892612338066101e-02
3.414146602153778076e-02 4.008172079920768738e-02
3.302097320556640625e-02 3.394365310668945312e-02
3.310016915202140808e-02 3.372622653841972351e-02
3.306926786899566650e-02 3.373901918530464172e-02
3.307948634028434753e-02 3.390501812100410461e-02
3.310671821236610413e-02 3.377603739500045776e-02
3.319640457630157471e-02 3.412238135933876038e-02
3.317128866910934448e-02 3.390816971659660339e-02
3.303003311157226562e-02 3.364825621247291565e-02
3.326465189456939697e-02 3.420954197645187378e-02
3.283257409930229187e-02 3.388287872076034546e-02
3.343611210584640503e-02 3.447625041007995605e-02
3.499134629964828491e-02 4.827403277158737183e-02
3.327532485127449036e-02 3.439293801784515381e-02
3.312964737415313721e-02 3.434652835130691528e-02
3.312580659985542297e-02 3.409727662801742554e-02
3.306183591485023499e-02 3.403178602457046509e-02
3.322836756706237793e-02 3.485509380698204041e-02
3.332648053765296936e-02 3.516321629285812378e-02
3.313409164547920227e-02 3.465894609689712524e-02
3.327717259526252747e-02 3.497841954231262207e-02
3.333754092454910278e-02 3.552066162228584290e-02
3.360085189342498779e-02 3.665906563401222229e-02
3.343493863940238953e-02 3.624467179179191589e-02
3.496369719505310059e-02 5.203025788068771362e-02
3.346353396773338318e-02 3.566297143697738647e-02
3.348619118332862854e-02 3.609770908951759338e-02
3.306347876787185669e-02 3.385591879487037659e-02
3.314956277608871460e-02 3.356738388538360596e-02
3.310339152812957764e-02 3.373730555176734924e-02
3.304033726453781128e-02 3.365325182676315308e-02
3.348096460103988647e-02 3.459045663475990295e-02
3.298020735383033752e-02 3.375294059514999390e-02
3.320128843188285828e-02 3.409376740455627441e-02
3.315011411905288696e-02 3.402244299650192261e-02
3.315446898341178894e-02 3.409920260310173035e-02
3.273250535130500793e-02 3.177126124501228333e-02
3.315187990665435791e-02 3.392903134226799011e-02
3.314182907342910767e-02 3.429321572184562683e-02
3.319364786148071289e-02 3.401552140712738037e-02
3.319285437464714050e-02 3.439934551715850830e-02
3.314350917935371399e-02 3.437049686908721924e-02
3.324468433856964111e-02 3.450740128755569458e-02
3.330376744270324707e-02 3.493512049317359924e-02
3.334161266684532166e-02 3.504153341054916382e-02
3.331455215811729431e-02 3.506827726960182190e-02
3.347495570778846741e-02 3.582850098609924316e-02
3.357506543397903442e-02 3.665641695261001587e-02
3.676028177142143250e-02 5.811204388737678528e-02
3.388667479157447815e-02 3.865752369165420532e-02
3.398557379841804504e-02 3.934675827622413635e-02
3.398843482136726379e-02 3.874094784259796143e-02
3.389360383152961731e-02 3.865645825862884521e-02
3.381009027361869812e-02 3.739319369196891785e-02
3.373602777719497681e-02 3.776199370622634888e-02
3.383093699812889099e-02 3.792072832584381104e-02
3.357137739658355713e-02 3.601018711924552917e-02
3.309376910328865051e-02 3.396647050976753235e-02
3.308420628309249878e-02 3.380928933620452881e-02
3.311049565672874451e-02 3.424355015158653259e-02
3.621279075741767883e-02 5.768202990293502808e-02
3.314065933227539062e-02 3.406976535916328430e-02
3.310889005661010742e-02 3.367160260677337646e-02
3.305423259735107422e-02 3.368475660681724548e-02
3.305969387292861938e-02 3.316738083958625793e-02
3.309646621346473694e-02 3.366965800523757935e-02
3.308036178350448608e-02 3.357365354895591736e-02
3.307799994945526123e-02 3.349784761667251587e-02
3.315750882029533386e-02 3.384148329496383667e-02
3.309166058897972107e-02 3.335623815655708313e-02
3.317556902766227722e-02 3.424288704991340637e-02
3.307519480586051941e-02 3.354470804333686829e-02
3.327733278274536133e-02 3.323892876505851746e-02
3.297648951411247253e-02 3.331546857953071594e-02
3.297336399555206299e-02 3.299882262945175171e-02
3.308605030179023743e-02 3.376849740743637085e-02
3.309335932135581970e-02 3.359115868806838989e-02
3.300363570451736450e-02 3.350188955664634705e-02
3.315318375825881958e-02 3.367210924625396729e-02
3.311302140355110168e-02 3.375190123915672302e-02
3.309110179543495178e-02 3.381188213825225830e-02
3.307689353823661804e-02 3.357902169227600098e-02
3.308897837996482849e-02 3.369060903787612915e-02
3.315277025103569031e-02 3.346750512719154358e-02
3.300575911998748779e-02 3.220492973923683167e-02
3.305449709296226501e-02 3.355921804904937744e-02
3.311871364712715149e-02 3.372084721922874451e-02
3.296353295445442200e-02 3.315342962741851807e-02
3.309619054198265076e-02 3.352472931146621704e-02
3.309363499283790588e-02 3.367165103554725647e-02
3.309950232505798340e-02 3.366037458181381226e-02
3.307605534791946411e-02 3.367846831679344177e-02
3.305858746170997620e-02 3.333298489451408386e-02
3.308452293276786804e-02 3.370188549160957336e-02
3.315322846174240112e-02 3.389690071344375610e-02
3.310903906822204590e-02 3.380055353045463562e-02
3.287005424499511719e-02 3.202152252197265625e-02
3.307897225022315979e-02 3.345178440213203430e-02
3.298356384038925171e-02 3.306434303522109985e-02
3.304461389780044556e-02 3.335518762469291687e-02
3.304117918014526367e-02 3.349738568067550659e-02
3.313164040446281433e-02 3.315840288996696472e-02
3.305157274007797241e-02 3.355645388364791870e-02
3.287991136312484741e-02 3.218929469585418701e-02
3.303897008299827576e-02 3.279828280210494995e-02
3.308527171611785889e-02 3.350196406245231628e-02
3.293871134519577026e-02 3.294237330555915833e-02
3.315467387437820435e-02 3.362875431776046753e-02
3.248270601034164429e-02 2.975645475089550018e-02
3.325926512479782104e-02 3.369279950857162476e-02
3.310176730155944824e-02 3.373828157782554626e-02
3.305600956082344055e-02 3.332035243511199951e-02
3.302722796797752380e-02 3.334068879485130310e-02
3.297785669565200806e-02 3.322426974773406982e-02
3.293333202600479126e-02 3.262092918157577515e-02
3.296507894992828369e-02 3.325419872999191284e-02
3.298939019441604614e-02 3.279861435294151306e-02
3.305150568485260010e-02 3.316149488091468811e-02
3.306598588824272156e-02 3.365256264805793762e-02
3.294629976153373718e-02 3.211973235011100769e-02
3.381548821926116943e-02 3.918725997209548950e-02
3.305962309241294861e-02 3.284784778952598572e-02
3.301996365189552307e-02 3.365844488143920898e-02
3.301669284701347351e-02 3.247762098908424377e-02
3.307390585541725159e-02 3.390293568372726440e-02
3.301387652754783630e-02 3.266050666570663452e-02
3.304957225918769836e-02 3.329910710453987122e-02
3.307723999023437500e-02 3.313903510570526123e-02
3.299095481634140015e-02 3.307693451642990112e-02
3.304559364914894104e-02 3.327028080821037292e-02
3.288771212100982666e-02 3.223566710948944092e-02
3.304471820592880249e-02 3.340648487210273743e-02
3.267193585634231567e-02 3.097001463174819946e-02
3.324687108397483826e-02 3.296953067183494568e-02
3.289132937788963318e-02 3.315377607941627502e-02
3.289316222071647644e-02 3.155918046832084656e-02
3.285213187336921692e-02 3.235949203372001648e-02
3.298220783472061157e-02 3.196495026350021362e-02
3.292778134346008301e-02 3.275460004806518555e-02
3.278053179383277893e-02 3.085135482251644135e-02
3.283755108714103699e-02 3.185656666755676270e-02
3.283470869064331055e-02 3.131417185068130493e-02
3.297021985054016113e-02 3.242259845137596130e-02
3.276377543807029724e-02 3.118759766221046448e-02
3.446960449218750000e-02 4.072365909814834595e-02
3.289967775344848633e-02 3.156406432390213013e-02
3.284521400928497314e-02 3.238490968942642212e-02
3.295465186238288879e-02 3.193834796547889709e-02
3.287281095981597900e-02 3.223736956715583801e-02
3.320549428462982178e-02 3.395817056298255920e-02
3.329705446958541870e-02 3.477910906076431274e-02
3.353929892182350159e-02 3.701860457658767700e-02
3.284006938338279724e-02 3.263255581259727478e-02
3.344882279634475708e-02 3.623493388295173645e-02
3.346917405724525452e-02 3.599378466606140137e-02
3.303681686520576477e-02 3.333540633320808411e-02
3.703893721103668213e-02 5.888013169169425964e-02
3.342968225479125977e-02 3.627761825919151306e-02
3.330541029572486877e-02 3.560353443026542664e-02
3.345543146133422852e-02 3.545201197266578674e-02
3.330103680491447449e-02 3.515069931745529175e-02
3.391621261835098267e-02 3.999077156186103821e-02
3.392355144023895264e-02 3.782034665346145630e-02
3.292522951960563660e-02 3.303707391023635864e-02
3.294640406966209412e-02 3.357477858662605286e-02
3.326857089996337891e-02 3.324737399816513062e-02
3.321870416402816772e-02 3.623954579234123230e-02
3.281137347221374512e-02 3.181057795882225037e-02
3.434024378657341003e-02 4.205728694796562195e-02
3.293996304273605347e-02 3.330922126770019531e-02
3.369826450943946838e-02 3.668631613254547119e-02
3.328796476125717163e-02 3.433238342404365540e-02
3.328061476349830627e-02 3.442051634192466736e-02
3.280522674322128296e-02 3.175072371959686279e-02
3.276795148849487305e-02 3.282599151134490967e-02
3.336183354258537292e-02 3.443572670221328735e-02
3.289832919836044312e-02 3.139607608318328857e-02
3.321166709065437317e-02 3.351369500160217285e-02
3.307151049375534058e-02 3.233137354254722595e-02
3.341021388769149780e-02 3.385033085942268372e-02
3.248145431280136108e-02 2.686973102390766144e-02
3.275755420327186584e-02 3.009419701993465424e-02
3.267103433609008789e-02 2.917073667049407959e-02
3.268314525485038757e-02 2.927359938621520996e-02
3.258466348052024841e-02 2.776385098695755005e-02
3.267054632306098938e-02 2.834847569465637207e-02
3.281878307461738586e-02 2.796808630228042603e-02
3.255126997828483582e-02 2.771130204200744629e-02
3.251033648848533630e-02 2.826649323105812073e-02
3.285925462841987610e-02 3.168644383549690247e-02
3.299866244196891785e-02 3.250393271446228027e-02
3.293790295720100403e-02 3.199195861816406250e-02
3.361918404698371887e-02 3.481362015008926392e-02
3.289250656962394714e-02 3.193316608667373657e-02
3.281132876873016357e-02 3.126930072903633118e-02
3.282082080841064453e-02 3.145206347107887268e-02
3.266517445445060730e-02 3.057960234582424164e-02
3.267123550176620483e-02 3.011468052864074707e-02
3.251184895634651184e-02 2.922387793660163879e-02
3.262794017791748047e-02 2.988957799971103668e-02
3.262821212410926819e-02 3.008426725864410400e-02
3.259329125285148621e-02 2.983410470187664032e-02
3.232698887586593628e-02 2.788093313574790955e-02
3.308019787073135376e-02 3.223607689142227173e-02
3.293882682919502258e-02 3.098465502262115479e-02
3.300323337316513062e-02 3.147964552044868469e-02
3.285119682550430298e-02 3.141597658395767212e-02
3.287319093942642212e-02 3.156327828764915466e-02
3.282666578888893127e-02 3.193816542625427246e-02
3.339433670043945312e-02 3.490357473492622375e-02
3.317134454846382141e-02 3.393854200839996338e-02
3.309628739953041077e-02 3.336452692747116089e-02
3.327780589461326599e-02 3.461263701319694519e-02
3.329068049788475037e-02 3.446060791611671448e-02
3.323473781347274780e-02 3.410061448812484741e-02
3.344941139221191406e-02 3.489747270941734314e-02
3.427591174840927124e-02 4.207514971494674683e-02
3.336002677679061890e-02 3.485207259654998779e-02
3.354131057858467102e-02 3.653166443109512329e-02
3.355636075139045715e-02 3.652993217110633850e-02
3.331422805786132812e-02 3.574889153242111206e-02
3.305373713374137878e-02 3.347504511475563049e-02
3.334672003984451294e-02 3.525186702609062195e-02
3.330860286951065063e-02 3.521895781159400940e-02
3.325365111231803894e-02 3.472332656383514404e-02
3.331017121672630310e-02 3.470401838421821594e-02
3.315868228673934937e-02 3.390467539429664612e-02
3.313652053475379944e-02 3.405424207448959351e-02
3.580360114574432373e-02 5.116907134652137756e-02
3.322939574718475342e-02 3.445637226104736328e-02
3.294730558991432190e-02 3.377246856689453125e-02
3.300325199961662292e-02 3.271938115358352661e-02
3.306768834590911865e-02 3.320693224668502808e-02
3.314739093184471130e-02 3.335900604724884033e-02
3.290864080190658569e-02 3.257690370082855225e-02
3.320289403200149536e-02 3.429923951625823975e-02
3.305114433169364929e-02 3.350579738616943359e-02
3.311467915773391724e-02 3.342626988887786865e-02
3.307698667049407959e-02 3.362265229225158691e-02
3.308904543519020081e-02 3.380396217107772827e-02
3.462406620383262634e-02 4.491134360432624817e-02
3.303485736250877380e-02 3.321935981512069702e-02
3.301170095801353455e-02 3.296419978141784668e-02
3.306550160050392151e-02 3.363867849111557007e-02
3.310661017894744873e-02 3.388503566384315491e-02
3.322359547019004822e-02 3.443354368209838867e-02
3.336936235427856445e-02 3.496786206960678101e-02
3.325403109192848206e-02 3.547883778810501099e-02
3.338936716318130493e-02 3.556695580482482910e-02
3.331445902585983276e-02 3.534755483269691467e-02
3.347653895616531372e-02 3.613049536943435669e-02
3.343321382999420166e-02 3.625280037522315979e-02
3.421919047832489014e-02 4.185776412487030029e-02
3.361088782548904419e-02 3.753884509205818176e-02
3.364715725183486938e-02 3.752142935991287231e-02
3.361988812685012817e-02 3.707740083336830139e-02
3.356775268912315369e-02 3.700614348053932190e-02
3.347553312778472900e-02 3.622943907976150513e-02
3.344040364027023315e-02 3.613809496164321899e-02
3.346864134073257446e-02 3.602692112326622009e-02
3.344582021236419678e-02 3.634614869952201843e-02
3.341827169060707092e-02 3.611322492361068726e-02
3.345168754458427429e-02 3.627409040927886963e-02
3.353464230895042419e-02 3.647764772176742554e-02
3.374243155121803284e-02 3.747026622295379639e-02
3.338482975959777832e-02 3.602993488311767578e-02
3.334809839725494385e-02 3.544364124536514282e-02
3.344758972525596619e-02 3.620984405279159546e-02
3.351457789540290833e-02 3.633582219481468201e-02
3.367135673761367798e-02 3.676122799515724182e-02
3.329817950725555420e-02 3.582189977169036865e-02
3.348514810204505920e-02 3.658730164170265198e-02
3.342910856008529663e-02 3.596866503357887268e-02
3.346228972077369690e-02 3.625565022230148315e-02
3.350796550512313843e-02 3.620512038469314575e-02
3.339949250221252441e-02 3.603838011622428894e-02
3.622205555438995361e-02 5.533206090331077576e-02
3.340800106525421143e-02 3.604162111878395081e-02
3.344996273517608643e-02 3.568417578935623169e-02
3.334893286228179932e-02 3.559510037302970886e-02
3.337323293089866638e-02 3.566841781139373779e-02
3.344953432679176331e-02 3.591684997081756592e-02
3.342899680137634277e-02 3.572322800755500793e-02
3.344431519508361816e-02 3.576371446251869202e-02
3.326745703816413879e-02 3.564294800162315369e-02
3.358171507716178894e-02 3.707948327064514160e-02
3.348997235298156738e-02 3.641037642955780029e-02
3.351312130689620972e-02 3.643774241209030151e-02
3.404748067259788513e-02 4.012951254844665527e-02
3.337822854518890381e-02 3.588150441646575928e-02
3.352925926446914673e-02 3.606693819165229797e-02
3.334753587841987610e-02 3.568836674094200134e-02
3.337428346276283264e-02 3.562112525105476379e-02
3.348108008503913879e-02 3.628093749284744263e-02
3.360467031598091125e-02 3.695680946111679077e-02
3.350812941789627075e-02 3.647088631987571716e-02
3.341726586222648621e-02 3.627333045005798340e-02
3.346139937639236450e-02 3.618663549423217773e-02
3.337132185697555542e-02 3.553248196840286255e-02
3.327355161309242249e-02 3.490302339196205139e-02
3.411278128623962402e-02 4.127443954348564148e-02
3.329392522573471069e-02 3.491317853331565857e-02
3.332317993044853210e-02 3.510502353310585022e-02
3.331602364778518677e-02 3.540237247943878174e-02
3.344423323869705200e-02 3.594747930765151978e-02
3.342602401971817017e-02 3.581487014889717102e-02
3.332297876477241516e-02 3.526333719491958618e-02
3.335097804665565491e-02 3.551118820905685425e-02
3.324263542890548706e-02 3.502237051725387573e-02
3.345920145511627197e-02 3.577464073896408081e-02
3.336883708834648132e-02 3.565853461623191833e-02
3.332594037055969238e-02 3.555616363883018494e-02
3.324510157108306885e-02 3.479120135307312012e-02
3.342281281948089600e-02 3.534348681569099426e-02
3.332455456256866455e-02 3.546624630689620972e-02
3.334003686904907227e-02 3.532899916172027588e-02
3.345498442649841309e-02 3.599214181303977966e-02
3.332242369651794434e-02 3.540599346160888672e-02
3.331205621361732483e-02 3.527308627963066101e-02
3.339971229434013367e-02 3.564542159438133240e-02
3.325745090842247009e-02 3.460640460252761841e-02
3.307833150029182434e-02 3.345576673746109009e-02
3.301607072353363037e-02 3.325510397553443909e-02
3.302871063351631165e-02 3.297437354922294617e-02
3.487742319703102112e-02 4.775572195649147034e-02
3.300042077898979187e-02 3.301200270652770996e-02
3.305398672819137573e-02 3.325709328055381775e-02
3.303830698132514954e-02 3.364973515272140503e-02
3.319994360208511353e-02 3.399443253874778748e-02
3.304230794310569763e-02 3.365786746144294739e-02
3.314315527677536011e-02 3.396204859018325806e-02
3.321751952171325684e-02 3.419072180986404419e-02
3.316760808229446411e-02 3.434647992253303528e-02
3.314621374011039734e-02 3.381550312042236328e-02
3.313883394002914429e-02 3.427441045641899109e-02
3.321426734328269958e-02 3.445214033126831055e-02
3.448471799492835999e-02 4.340195283293724060e-02
3.317661583423614502e-02 3.421573340892791748e-02
3.310447186231613159e-02 3.432825207710266113e-02
3.329895436763763428e-02 3.499601036310195923e-02
3.316136822104454041e-02 3.391965851187705994e-02
3.322003409266471863e-02 3.478256985545158386e-02
3.330307081341743469e-02 3.494728356599807739e-02
3.327426686882972717e-02 3.445800766348838806e-02
3.328866139054298401e-02 3.503834828734397888e-02
3.351249545812606812e-02 3.518759086728096008e-02
3.381257131695747375e-02 4.184656590223312378e-02
3.344165906310081482e-02 3.473902493715286255e-02
3.445523604750633240e-02 4.780751839280128479e-02
3.314815834164619446e-02 3.432250767946243286e-02
3.318371996283531189e-02 3.411694243550300598e-02
3.315424546599388123e-02 3.396827727556228638e-02
3.312786296010017395e-02 3.381457924842834473e-02
3.308236226439476013e-02 3.349653631448745728e-02
3.309436514973640442e-02 3.353415057063102722e-02
3.316329047083854675e-02 3.384360671043395996e-02
3.314745426177978516e-02 3.404165431857109070e-02
3.317577764391899109e-02 3.446720913052558899e-02
3.316440433263778687e-02 3.408641740679740906e-02
3.325356543064117432e-02 3.451635316014289856e-02
3.358136117458343506e-02 3.802489116787910461e-02
3.317845985293388367e-02 3.410444036126136780e-02
3.301491960883140564e-02 3.398757427930831909e-02
3.341691568493843079e-02 3.451253846287727356e-02
3.304883465170860291e-02 3.432351350784301758e-02
3.332185000181198120e-02 3.485186025500297546e-02
3.314381092786788940e-02 3.426805883646011353e-02
3.334327787160873413e-02 3.517343848943710327e-02
3.339131176471710205e-02 3.614003956317901611e-02
3.327461704611778259e-02 3.493968769907951355e-02
3.329356387257575989e-02 3.499248251318931580e-02
3.325332701206207275e-02 3.460115566849708557e-02
3.630462288856506348e-02 5.695373564958572388e-02
3.310849890112876892e-02 3.407293185591697693e-02
3.315914049744606018e-02 3.414945304393768311e-02
3.307210654020309448e-02 3.378011286258697510e-02
3.318836912512779236e-02 3.413409367203712463e-02
3.327744826674461365e-02 3.432852402329444885e-02
3.305706381797790527e-02 3.334760665893554688e-02
3.312066569924354553e-02 3.344516828656196594e-02
3.305030241608619690e-02 3.312927484512329102e-02
3.304924070835113525e-02 3.297666460275650024e-02
3.294223919510841370e-02 3.265125304460525513e-02
3.307035192847251892e-02 3.298880904912948608e-02
3.352267667651176453e-02 3.589505702257156372e-02
3.301977366209030151e-02 3.272896632552146912e-02
3.303074836730957031e-02 3.307886049151420593e-02
3.290486335754394531e-02 3.197592496871948242e-02
3.302874416112899780e-02 3.312674909830093384e-02
3.297275677323341370e-02 3.260656446218490601e-02
3.313437849283218384e-02 3.346510604023933411e-02
3.303257375955581665e-02 3.275159001350402832e-02
3.287865594029426575e-02 3.217855468392372131e-02
3.287995234131813049e-02 3.196735307574272156e-02
3.295771405100822449e-02 3.213089331984519958e-02
3.277596458792686462e-02 3.156064823269844055e-02
3.340642154216766357e-02 3.461016342043876648e-02
3.283132985234260559e-02 3.163007274270057678e-02
3.292477875947952271e-02 3.193638846278190613e-02
3.290188312530517578e-02 3.171503543853759766e-02
3.293316066265106201e-02 3.177087754011154175e-02
3.292209655046463013e-02 3.202969580888748169e-02
3.281614556908607483e-02 3.094542026519775391e-02
3.281449899077415466e-02 3.033134527504444122e-02
3.277322649955749512e-02 3.087185509502887726e-02
3.310684114694595337e-02 3.224972262978553772e-02
3.285978361964225769e-02 3.167685493826866150e-02
3.320528566837310791e-02 3.321980312466621399e-02
3.503491356968879700e-02 4.232765361666679382e-02
3.288083896040916443e-02 3.041591867804527283e-02
3.310261294245719910e-02 3.253363817930221558e-02
3.305434808135032654e-02 3.158074617385864258e-02
3.270619362592697144e-02 2.816807478666305542e-02
3.248518332839012146e-02 2.651618979871273041e-02
3.293374925851821899e-02 2.907425351440906525e-02
3.271493315696716309e-02 2.569641359150409698e-02
3.284747526049613953e-02 2.658009529113769531e-02
3.314252942800521851e-02 2.941681444644927979e-02
3.377283737063407898e-02 3.297574445605278015e-02
3.370969370007514954e-02 3.168985992670059204e-02
3.526354208588600159e-02 3.845226019620895386e-02
3.455893322825431824e-02 3.724124655127525330e-02
3.452841937541961670e-02 3.439383953809738159e-02
3.458733856678009033e-02 3.344773873686790466e-02
3.539132699370384216e-02 4.206543043255805969e-02
3.608576208353042603e-02 4.639416188001632690e-02
3.653353080153465271e-02 4.913429915904998779e-02
3.650415316224098206e-02 4.835492372512817383e-02
3.751426935195922852e-02 5.616047978401184082e-02
3.784406185150146484e-02 5.832789838314056396e-02
3.717750310897827148e-02 5.643450841307640076e-02
3.842609748244285583e-02 6.452850997447967529e-02
4.250570014119148254e-02 9.747461974620819092e-02
3.307478502392768860e-02 3.358624875545501709e-02
3.299788758158683777e-02 3.295182436704635620e-02
3.289194405078887939e-02 3.187876567244529724e-02
3.390504047274589539e-02 3.583395108580589294e-02
3.334243595600128174e-02 3.406746312975883484e-02
3.358694911003112793e-02 3.403074666857719421e-02
3.418729826807975769e-02 3.695382550358772278e-02
3.270117565989494324e-02 3.053487837314605713e-02
3.266099840402603149e-02 3.047378920018672943e-02
3.275673091411590576e-02 3.070112131536006927e-02
3.318378701806068420e-02 3.438409045338630676e-02
3.407325968146324158e-02 3.993769735097885132e-02
3.252179920673370361e-02 2.932405658066272736e-02
3.543189167976379395e-02 5.046703666448593140e-02
3.532164916396141052e-02 5.097377672791481018e-02
3.259084746241569519e-02 2.977008931338787079e-02
3.248581290245056152e-02 2.819365635514259338e-02
3.240752220153808594e-02 2.778224088251590729e-02
3.246106579899787903e-02 2.782284840941429138e-02
3.256862238049507141e-02 2.936683781445026398e-02
3.253244608640670776e-02 2.752383612096309662e-02
3.245770186185836792e-02 2.814889326691627502e-02
3.221087902784347534e-02 2.635246515274047852e-02
3.189551085233688354e-02 2.433102577924728394e-02
3.253771737217903137e-02 2.905283309519290924e-02
3.275449201464653015e-02 3.036512434482574463e-02
3.290770575404167175e-02 3.140906989574432373e-02
3.291366249322891235e-02 3.188695013523101807e-02
3.306502848863601685e-02 3.303818404674530029e-02
3.288339078426361084e-02 3.294058516621589661e-02
3.325237333774566650e-02 3.538073599338531494e-02
3.301832824945449829e-02 3.337249159812927246e-02
3.292253240942955017e-02 3.251111134886741638e-02
3.283955901861190796e-02 3.253812342882156372e-02
3.270087763667106628e-02 3.095089085400104523e-02
3.263982385396957397e-02 3.065487369894981384e-02
3.284388035535812378e-02 3.191103786230087280e-02
3.278499469161033630e-02 3.181424736976623535e-02
3.293137997388839722e-02 3.248924389481544495e-02
3.272951021790504456e-02 3.123695962131023407e-02
3.302847221493721008e-02 3.300511091947555542e-02
3.302701562643051147e-02 3.328789398074150085e-02
3.274888545274734497e-02 3.147058188915252686e-02
3.296331316232681274e-02 3.297953680157661438e-02
3.290377557277679443e-02 3.238652274012565613e-02
3.258694708347320557e-02 3.112544864416122437e-02
3.307883441448211670e-02 3.345562890172004700e-02
3.338761255145072937e-02 3.787130862474441528e-02
3.292060270905494690e-02 3.280354291200637817e-02
3.300778567790985107e-02 3.259496390819549561e-02
3.283188864588737488e-02 3.179996088147163391e-02
3.312950581312179565e-02 3.329294919967651367e-02
3.283346071839332581e-02 3.231315687298774719e-02
3.300040960311889648e-02 3.302432596683502197e-02
3.296592459082603455e-02 3.268712013959884644e-02
3.314469382166862488e-02 3.415277227759361267e-02
3.299282491207122803e-02 3.308756276965141296e-02
3.296932578086853027e-02 3.316011652350425720e-02
3.299377486109733582e-02 3.256379067897796631e-02
3.243897855281829834e-02 2.899462357163429260e-02
3.301036357879638672e-02 3.316759690642356873e-02
3.292882442474365234e-02 3.275130316615104675e-02
3.299462795257568359e-02 3.294556587934494019e-02
3.289255499839782715e-02 3.251897916197776794e-02
3.306828811764717102e-02 3.346445038914680481e-02
3.313605487346649170e-02 3.389293327927589417e-02
3.308988362550735474e-02 3.364678844809532166e-02
3.297101706266403198e-02 3.327838331460952759e-02
3.322467952966690063e-02 3.399142622947692871e-02
3.302498534321784973e-02 3.308805078268051147e-02
3.300433978438377380e-02 3.280237689614295959e-02
3.309053555130958557e-02 3.241674974560737610e-02
3.234237432479858398e-02 3.075383789837360382e-02
3.337455540895462036e-02 3.394170477986335754e-02
3.284516185522079468e-02 3.286211192607879639e-02
3.324213996529579163e-02 3.327562659978866577e-02
3.271922096610069275e-02 3.254668042063713074e-02
3.305118158459663391e-02 3.258353099226951599e-02
3.310413658618927002e-02 3.254815936088562012e-02
3.301387280225753784e-02 3.236344829201698303e-02
3.302422165870666504e-02 3.248208388686180115e-02
3.296509012579917908e-02 3.230709582567214966e-02
3.283597156405448914e-02 3.242744505405426025e-02
3.425525128841400146e-02 3.955619782209396362e-02
3.276557847857475281e-02 3.114666789770126343e-02
3.287713229656219482e-02 3.139484673738479614e-02
3.296884149312973022e-02 3.200672939419746399e-02
3.264444693922996521e-02 2.900185063481330872e-02
3.253486379981040955e-02 3.032694384455680847e-02
3.315532952547073364e-02 3.213671222329139709e-02
3.262272849678993225e-02 2.978148497641086578e-02
3.274649381637573242e-02 2.883655950427055359e-02
3.289246186614036560e-02 3.011936694383621216e-02
3.236685320734977722e-02 2.600482851266860962e-02
3.283568471670150757e-02 2.570563741028308868e-02
3.293568268418312073e-02 2.583207562565803528e-02
3.269477933645248413e-02 2.547310665249824524e-02
3.275237977504730225e-02 2.567897550761699677e-02
3.306812793016433716e-02 2.784151583909988403e-02
3.369015827775001526e-02 3.503100574016571045e-02
3.303239867091178894e-02 3.267992287874221802e-02
3.321406990289688110e-02 3.317838162183761597e-02
3.298483788967132568e-02 3.291251882910728455e-02
3.284943476319313049e-02 3.189525008201599121e-02
3.283709287643432617e-02 3.179747611284255981e-02
3.321218863129615784e-02 3.368844091892242432e-02
3.289599344134330750e-02 3.322023153305053711e-02
3.222270309925079346e-02 3.148256242275238037e-02
3.270247578620910645e-02 3.357373178005218506e-02
3.283394873142242432e-02 3.146057203412055969e-02
3.413786739110946655e-02 3.740646317601203918e-02
3.300974145531654358e-02 3.472035378217697144e-02
3.332598879933357239e-02 3.941014036536216736e-02
3.296075761318206787e-02 3.351484611630439758e-02
3.282231092453002930e-02 3.155706822872161865e-02
3.322149440646171570e-02 3.142385557293891907e-02
3.300564363598823547e-02 3.249657526612281799e-02
3.296190127730369568e-02 3.264788910746574402e-02
3.313522413372993469e-02 3.284420445561408997e-02
3.254414349794387817e-02 2.902409061789512634e-02
3.280581533908843994e-02 3.115391544997692108e-02
3.273620456457138062e-02 3.111843392252922058e-02
3.285539522767066956e-02 3.127083554863929749e-02
3.280154243111610413e-02 3.126017376780509949e-02
3.297447785735130310e-02 3.173245489597320557e-02
3.265175595879554749e-02 3.025621362030506134e-02
3.260389342904090881e-02 3.014400787651538849e-02
3.294756636023521423e-02 3.104053437709808350e-02
3.270171582698822021e-02 3.067886270582675934e-02
3.259889408946037292e-02 2.941025793552398682e-02
3.252482414245605469e-02 3.003316000103950500e-02
3.277749568223953247e-02 3.131592646241188049e-02
3.256813809275627136e-02 3.050286881625652313e-02
3.260481357574462891e-02 2.946928888559341431e-02
3.271305561065673828e-02 2.977950684726238251e-02
3.269295394420623779e-02 2.970121242105960846e-02
3.250337019562721252e-02 2.876441366970539093e-02
3.240679949522018433e-02 2.872878313064575195e-02
3.224826604127883911e-02 2.883835136890411377e-02
3.246381133794784546e-02 2.902044728398323059e-02
3.235850855708122253e-02 2.855248376727104187e-02
3.245048969984054565e-02 2.836973406374454498e-02
3.244374319911003113e-02 2.834663353860378265e-02
3.262824937701225281e-02 2.781988680362701416e-02
3.234536573290824890e-02 2.810104563832283020e-02
3.246927261352539062e-02 2.901341393589973450e-02
3.244422376155853271e-02 2.871339023113250732e-02
3.242253139615058899e-02 2.869447693228721619e-02
3.246179968118667603e-02 2.908711880445480347e-02
3.235611692070960999e-02 2.796140871942043304e-02
3.242329880595207214e-02 2.831898257136344910e-02
3.230576217174530029e-02 2.824100852012634277e-02
3.233019262552261353e-02 2.761295065283775330e-02
3.228937089443206787e-02 2.763971686363220215e-02
3.239664435386657715e-02 2.890585362911224365e-02
3.204107284545898438e-02 2.443312853574752808e-02
3.270085528492927551e-02 3.016502596437931061e-02
3.270830214023590088e-02 3.067992255091667175e-02
3.310235217213630676e-02 3.254817798733711243e-02
3.386061638593673706e-02 3.850812092423439026e-02
3.475683555006980896e-02 4.527202993631362915e-02
3.594167903065681458e-02 4.991731047630310059e-02
3.344972059130668640e-02 3.652305155992507935e-02
3.289696946740150452e-02 3.229687362909317017e-02
3.293586894869804382e-02 3.338116779923439026e-02
3.314816206693649292e-02 3.328528627753257751e-02
3.315723687410354614e-02 3.300911933183670044e-02
3.373144939541816711e-02 3.742571175098419189e-02
3.299776464700698853e-02 3.259482979774475098e-02
3.309785947203636169e-02 3.336093202233314514e-02
3.280662745237350464e-02 3.212419524788856506e-02
3.266537934541702271e-02 3.175884485244750977e-02
3.262434527277946472e-02 3.130403161048889160e-02
3.258762881159782410e-02 3.151640668511390686e-02
3.284249454736709595e-02 3.297545015811920166e-02
3.302467614412307739e-02 3.319707885384559631e-02
3.300185501575469971e-02 3.315689042210578918e-02
3.312877193093299866e-02 3.384938836097717285e-02
3.307284787297248840e-02 3.327192738652229309e-02
3.354876488447189331e-02 3.626827150583267212e-02
3.309506550431251526e-02 3.347674757242202759e-02
3.308703750371932983e-02 3.383626043796539307e-02
3.299268335103988647e-02 3.337492421269416809e-02
3.305703774094581604e-02 3.362794965505599976e-02
3.312107175588607788e-02 3.395907580852508545e-02
3.321167081594467163e-02 3.410578891634941101e-02
3.312906250357627869e-02 3.407032415270805359e-02
3.325628116726875305e-02 3.458713367581367493e-02
3.327453136444091797e-02 3.488299250602722168e-02
3.342917561531066895e-02 3.595840558409690857e-02
3.341509774327278137e-02 3.635139390826225281e-02
3.432201966643333435e-02 4.423856735229492188e-02
3.352382779121398926e-02 3.714704513549804688e-02
3.373233601450920105e-02 3.909883648157119751e-02
3.381607308983802795e-02 3.934004157781600952e-02
3.315363824367523193e-02 3.416185081005096436e-02
3.320135176181793213e-02 3.455829620361328125e-02
3.319203853607177734e-02 3.429385274648666382e-02
3.315485641360282898e-02 3.423820808529853821e-02
3.309188783168792725e-02 3.366753086447715759e-02
3.353870287537574768e-02 3.742911666631698608e-02
3.348411247134208679e-02 3.612364828586578369e-02
3.321256116032600403e-02 3.466061502695083618e-02
3.492746502161026001e-02 4.704077541828155518e-02
3.313681110739707947e-02 3.443696349859237671e-02
3.319678455591201782e-02 3.502732142806053162e-02
3.351382538676261902e-02 3.776302188634872437e-02
3.318671882152557373e-02 3.456901758909225464e-02
3.329795971512794495e-02 3.490295633673667908e-02
3.323964402079582214e-02 3.465040028095245361e-02
3.315338864922523499e-02 3.433114290237426758e-02
3.331474214792251587e-02 3.508904948830604553e-02
3.322560712695121765e-02 3.464743867516517639e-02
3.325758129358291626e-02 3.462532162666320801e-02
3.333130478858947754e-02 3.522118180990219116e-02
3.378638997673988342e-02 3.714610636234283447e-02
3.332784399390220642e-02 3.487835824489593506e-02
3.331500664353370667e-02 3.519562259316444397e-02
3.341540321707725525e-02 3.539143502712249756e-02
3.363235667347908020e-02 3.656453266739845276e-02
3.331501409411430359e-02 3.527414798736572266e-02
3.339289873838424683e-02 3.506698459386825562e-02
3.347636014223098755e-02 3.560026735067367554e-02
3.350412473082542419e-02 3.619223460555076599e-02
3.351059183478355408e-02 3.597808256745338440e-02
3.354275599122047424e-02 3.630700707435607910e-02
3.368380293250083923e-02 3.711495921015739441e-02
3.479440882802009583e-02 4.294375702738761902e-02
3.484006226062774658e-02 4.643161222338676453e-02
3.398483991622924805e-02 3.857655078172683716e-02
3.414876386523246765e-02 4.002603515982627869e-02
3.457267582416534424e-02 4.249845445156097412e-02
3.490095958113670349e-02 4.478506371378898621e-02
3.528809174895286560e-02 4.706399515271186829e-02
3.602577000856399536e-02 5.113831162452697754e-02
3.701494634151458740e-02 5.803360044956207275e-02
3.700803965330123901e-02 5.761338397860527039e-02
3.766256943345069885e-02 6.198792159557342529e-02
3.790756687521934509e-02 6.298542022705078125e-02
3.897225111722946167e-02 7.021906971931457520e-02
3.833180293440818787e-02 6.597551703453063965e-02
3.853787481784820557e-02 6.735233962535858154e-02
3.848290443420410156e-02 6.655022501945495605e-02
3.871434926986694336e-02 6.804901361465454102e-02
3.899186849594116211e-02 7.000692188739776611e-02
3.864399343729019165e-02 6.757993251085281372e-02
3.890591114759445190e-02 6.907077133655548096e-02
3.914895653724670410e-02 7.074818760156631470e-02
3.898398578166961670e-02 6.928785145282745361e-02
3.917504101991653442e-02 7.180467247962951660e-02
3.930071368813514709e-02 7.222390174865722656e-02
3.923118487000465393e-02 7.115037739276885986e-02
3.937740623950958252e-02 7.388599216938018799e-02
3.974561765789985657e-02 7.614174485206604004e-02
3.947836533188819885e-02 7.414109259843826294e-02
3.846628963947296143e-02 6.701035052537918091e-02
3.802710771560668945e-02 6.439935415983200073e-02
3.855730220675468445e-02 6.817544251680374146e-02
3.796210885047912598e-02 6.342638283967971802e-02
3.771979734301567078e-02 6.159413605928421021e-02
3.789018094539642334e-02 6.369925290346145630e-02
3.749819472432136536e-02 6.105440109968185425e-02
3.689623624086380005e-02 5.760469287633895874e-02
3.837122023105621338e-02 6.355731189250946045e-02
3.762704133987426758e-02 6.253959238529205322e-02
3.758095204830169678e-02 6.239292398095130920e-02
3.693946450948715210e-02 5.805122852325439453e-02
3.704085946083068848e-02 5.850199609994888306e-02
3.616534918546676636e-02 5.361360311508178711e-02
3.559368848800659180e-02 4.986000806093215942e-02
3.493463620543479919e-02 4.664714634418487549e-02
3.471550345420837402e-02 4.426332190632820129e-02
3.504154831171035767e-02 4.617390409111976624e-02
3.494756668806076050e-02 4.520773515105247498e-02
3.660663589835166931e-02 5.750687792897224426e-02
3.705624863505363464e-02 5.956737324595451355e-02
3.648092225193977356e-02 5.492933094501495361e-02
3.543958440423011780e-02 4.755681008100509644e-02
3.397342935204505920e-02 3.943492844700813293e-02
3.366355970501899719e-02 3.758843243122100830e-02
3.359164670109748840e-02 3.660415112972259521e-02
3.406223282217979431e-02 4.005078598856925964e-02
3.436934202909469604e-02 4.266408830881118774e-02
3.418410569429397583e-02 4.066687077283859253e-02
3.447094187140464783e-02 4.324277490377426147e-02
3.438437357544898987e-02 4.259700328111648560e-02
3.444709256291389465e-02 4.298307374119758606e-02
3.589833527803421021e-02 5.223330110311508179e-02
3.338005393743515015e-02 3.503776341676712036e-02
3.311526402831077576e-02 3.276593610644340515e-02
3.310124203562736511e-02 3.241561353206634521e-02
3.334685787558555603e-02 3.419030085206031799e-02
3.314703702926635742e-02 3.265409544110298157e-02
3.302967920899391174e-02 3.174027055501937866e-02
3.314644843339920044e-02 3.209687024354934692e-02
3.296619653701782227e-02 3.133913874626159668e-02
3.302656859159469604e-02 3.171737492084503174e-02
3.287948668003082275e-02 3.028842061758041382e-02
3.304210677742958069e-02 3.146340698003768921e-02
3.368842229247093201e-02 3.453202918171882629e-02
3.295313939452171326e-02 3.060696087777614594e-02
3.296199068427085876e-02 3.020016849040985107e-02
3.309905156493186951e-02 3.081304207444190979e-02
3.300834819674491882e-02 3.020304441452026367e-02
3.413314372301101685e-02 3.672382235527038574e-02
3.329789638519287109e-02 3.200164437294006348e-02
3.326858952641487122e-02 3.136982396245002747e-02
3.442075103521347046e-02 3.874924778938293457e-02
3.387360274791717529e-02 3.494365513324737549e-02
3.533443436026573181e-02 4.419778287410736084e-02
3.484381735324859619e-02 4.140982031822204590e-02
3.498372435569763184e-02 4.304864630103111267e-02
3.490505367517471313e-02 4.294610768556594849e-02
3.321940824389457703e-02 3.308384865522384644e-02
3.280123695731163025e-02 3.028593771159648895e-02
3.331981971859931946e-02 3.250952810049057007e-02
3.284776583313941956e-02 3.086006082594394684e-02
3.321729227900505066e-02 3.385978937149047852e-02
3.430007398128509521e-02 4.226922616362571716e-02
3.454847261309623718e-02 4.362269118428230286e-02
3.425053134560585022e-02 4.157499969005584717e-02
3.464244678616523743e-02 4.452060163021087646e-02
3.420991450548171997e-02 4.159298539161682129e-02
3.536643087863922119e-02 4.959669709205627441e-02
3.441530838608741760e-02 4.400643706321716309e-02
3.419360145926475525e-02 4.246277362108230591e-02
3.426890447735786438e-02 4.267711192369461060e-02
3.460190817713737488e-02 4.560079798102378845e-02
3.373951464891433716e-02 3.883000463247299194e-02
3.377874940633773804e-02 3.923966735601425171e-02
3.359606489539146423e-02 3.768756240606307983e-02
3.341783583164215088e-02 3.617005050182342529e-02
3.344687446951866150e-02 3.690399229526519775e-02
3.356048837304115295e-02 3.759577870368957520e-02
3.388673439621925354e-02 4.054536670446395874e-02
3.449573740363121033e-02 4.621207714080810547e-02
3.318794444203376770e-02 3.450483828783035278e-02
3.360426425933837891e-02 3.818414732813835144e-02
3.360950201749801636e-02 3.775495663285255432e-02
3.306654840707778931e-02 3.359561413526535034e-02
3.308088332414627075e-02 3.384019434452056885e-02
3.311594203114509583e-02 3.414726257324218750e-02
3.335644304752349854e-02 3.606854379177093506e-02
3.333564102649688721e-02 3.569393232464790344e-02
3.332210332155227661e-02 3.555638343095779419e-02
3.336400538682937622e-02 3.603904321789741516e-02
3.350906446576118469e-02 3.700629249215126038e-02
3.473184257745742798e-02 4.555124044418334961e-02
3.355304151773452759e-02 3.704164177179336548e-02
3.361497074365615845e-02 3.777875006198883057e-02
3.449422121047973633e-02 4.505879059433937073e-02
3.543283045291900635e-02 5.292671173810958862e-02
3.491671755909919739e-02 4.849431663751602173e-02
3.542768582701683044e-02 5.305900424718856812e-02
3.465802967548370361e-02 4.615042358636856079e-02
3.451678901910781860e-02 4.553352296352386475e-02
3.464294597506523132e-02 4.680015891790390015e-02
3.505196794867515564e-02 5.027112737298011780e-02
3.405161574482917786e-02 4.136783257126808167e-02
3.512603789567947388e-02 5.057725310325622559e-02
3.330496698617935181e-02 3.527355939149856567e-02
3.325459361076354980e-02 3.507853299379348755e-02
3.317838162183761597e-02 3.439743071794509888e-02
3.320661559700965881e-02 3.525422886013984680e-02
3.324736282229423523e-02 3.536579012870788574e-02
3.317923843860626221e-02 3.497039899230003357e-02
3.306777775287628174e-02 3.408767655491828918e-02
3.327212482690811157e-02 3.551070019602775574e-02
3.360927477478981018e-02 3.784546628594398499e-02
3.374585136771202087e-02 3.868073225021362305e-02
3.377018123865127563e-02 3.899357467889785767e-02
3.293994069099426270e-02 3.253880888223648071e-02
3.321713581681251526e-02 3.473327308893203735e-02
3.320468217134475708e-02 3.462137654423713684e-02
3.330961242318153381e-02 3.536621108651161194e-02
3.319754824042320251e-02 3.441405296325683594e-02
3.314674645662307739e-02 3.422662988305091858e-02
3.315363451838493347e-02 3.430976718664169312e-02
3.322329372167587280e-02 3.483611345291137695e-02
3.325135260820388794e-02 3.513226658105850220e-02
3.328269720077514648e-02 3.508250042796134949e-02
3.334534913301467896e-02 3.597382828593254089e-02
3.354038670659065247e-02 3.716941550374031067e-02
3.483652696013450623e-02 4.762801527976989746e-02
3.427975624799728394e-02 4.319870471954345703e-02
3.430808335542678833e-02 4.390817135572433472e-02
3.416581079363822937e-02 4.246993735432624817e-02
3.333135321736335754e-02 3.501110896468162537e-02
3.315943479537963867e-02 3.394940495491027832e-02
3.311343863606452942e-02 3.396689519286155701e-02
3.326593711972236633e-02 3.476127609610557556e-02
3.329146280884742737e-02 3.527692332863807678e-02
3.330296277999877930e-02 3.503402322530746460e-02
3.327692300081253052e-02 3.475653380155563354e-02
3.323976323008537292e-02 3.489849716424942017e-02
3.420105576515197754e-02 4.020951688289642334e-02
3.324898704886436462e-02 3.458319604396820068e-02
3.325773030519485474e-02 3.482635691761970520e-02
3.324948996305465698e-02 3.462800383567810059e-02
3.320727497339248657e-02 3.459672257304191589e-02
3.328779339790344238e-02 3.501909226179122925e-02
3.326496854424476624e-02 3.494497388601303101e-02
3.339970856904983521e-02 3.553095459938049316e-02
3.323465213179588318e-02 3.508810326457023621e-02
3.372806310653686523e-02 3.946395590901374817e-02
3.307794779539108276e-02 3.410332649946212769e-02
3.314883634448051453e-02 3.419897332787513733e-02
3.478952497243881226e-02 4.772433266043663025e-02
3.337123245000839233e-02 3.583050519227981567e-02
3.348801657557487488e-02 3.654283285140991211e-02
3.353286534547805786e-02 3.713642060756683350e-02
3.324995562434196472e-02 3.480013832449913025e-02
3.327530622482299805e-02 3.495225682854652405e-02
3.333771228790283203e-02 3.560021892189979553e-02
3.346711769700050354e-02 3.604932129383087158e-02
3.382788226008415222e-02 3.908697143197059631e-02
3.402469679713249207e-02 3.974699601531028748e-02
3.509449586272239685e-02 4.848584532737731934e-02
3.430710360407829285e-02 4.283868893980979919e-02
3.478176146745681763e-02 4.517542570829391479e-02
3.387650474905967712e-02 4.064025729894638062e-02
3.356878086924552917e-02 3.779667243361473083e-02
3.338322415947914124e-02 3.723598271608352661e-02
3.318589180707931519e-02 3.603122755885124207e-02
3.336606174707412720e-02 3.663578256964683533e-02
3.312885388731956482e-02 3.498573228716850281e-02
3.313576430082321167e-02 3.482350334525108337e-02
3.300057351589202881e-02 3.396984189748764038e-02
3.306889906525611877e-02 3.466524183750152588e-02
3.285911679267883301e-02 3.401520475745201111e-02
3.266347199678421021e-02 3.227767720818519592e-02
3.105277754366397858e-02 2.142284065485000610e-02
3.178401663899421692e-02 2.609993517398834229e-02
3.185700625181198120e-02 2.635947801172733307e-02
3.156174346804618835e-02 2.485994435846805573e-02
3.190210461616516113e-02 2.686093188822269440e-02
3.240524604916572571e-02 2.942798659205436707e-02
3.258346393704414368e-02 3.076107800006866455e-02
3.227891027927398682e-02 2.835006266832351685e-02
3.233949095010757446e-02 2.850185334682464600e-02
3.226256743073463440e-02 2.812609076499938965e-02
3.241076320409774780e-02 2.942669391632080078e-02
3.234107047319412231e-02 2.889018505811691284e-02
2.938573807477951050e-02 7.964091375470161438e-03
3.228859975934028625e-02 2.797769010066986084e-02
3.241262957453727722e-02 2.933068573474884033e-02
3.236706927418708801e-02 2.840404212474822998e-02
3.239164873957633972e-02 2.892558090388774872e-02
3.230872005224227905e-02 2.821379154920578003e-02
3.250853717327117920e-02 2.924047783017158508e-02
3.250845521688461304e-02 2.940712496638298035e-02
3.241447731852531433e-02 2.853774465620517731e-02
3.254911303520202637e-02 2.926314994692802429e-02
3.244717419147491455e-02 2.888133935630321503e-02
3.254237025976181030e-02 2.949940599501132965e-02
2.888516150414943695e-02 2.464007586240768433e-03
3.247575089335441589e-02 2.921791933476924896e-02
3.248382732272148132e-02 2.918446436524391174e-02
3.236654773354530334e-02 2.837951108813285828e-02
3.238705173134803772e-02 2.861450426280498505e-02
3.235635906457901001e-02 2.836738526821136475e-02
3.217444568872451782e-02 2.765009552240371704e-02
3.238278627395629883e-02 2.895905636250972748e-02
3.252258896827697754e-02 2.923198603093624115e-02
3.238707408308982849e-02 2.871574647724628448e-02
3.236422687768936157e-02 2.821111306548118591e-02
3.242762014269828796e-02 2.881397493183612823e-02
2.890394814312458038e-02 2.270709723234176636e-03
3.240070119500160217e-02 2.873811312019824982e-02
3.242270648479461670e-02 2.886674739420413971e-02
3.231250122189521790e-02 2.827444672584533691e-02
3.230442479252815247e-02 2.787123993039131165e-02
3.220703080296516418e-02 2.754053473472595215e-02
3.231783211231231689e-02 2.808198891580104828e-02
3.203606233000755310e-02 2.605671435594558716e-02
3.220494464039802551e-02 2.731546759605407715e-02
3.221312165260314941e-02 2.726040780544281006e-02
3.221331909298896790e-02 2.736423537135124207e-02
3.216436877846717834e-02 2.691111899912357330e-02
2.737202122807502747e-02 -9.730078279972076416e-03
3.222822397947311401e-02 2.700535207986831665e-02
3.201056271791458130e-02 2.595346048474311829e-02
3.198067098855972290e-02 2.557069435715675354e-02
3.205647319555282593e-02 2.620552480220794678e-02
3.180875629186630249e-02 2.457703277468681335e-02
3.179488703608512878e-02 2.447674609720706940e-02
3.185053914785385132e-02 2.478088065981864929e-02
3.172533214092254639e-02 2.396937273442745209e-02
3.169497102499008179e-02 2.378077991306781769e-02
3.179104626178741455e-02 2.429337799549102783e-02
3.161978349089622498e-02 2.320884913206100464e-02
2.510808780789375305e-02 -2.326761931180953979e-02
3.164796531200408936e-02 2.322594448924064636e-02
3.169441968202590942e-02 2.325868979096412659e-02
3.149975091218948364e-02 2.226515859365463257e-02
3.153694793581962585e-02 2.250273153185844421e-02
3.151018172502517700e-02 2.232822030782699585e-02
3.152325004339218140e-02 2.244215458631515503e-02
3.148239105939865112e-02 2.187108434736728668e-02
3.151194378733634949e-02 2.192892320454120636e-02
3.145214170217514038e-02 2.159881219267845154e-02
3.141756728291511536e-02 2.074011042714118958e-02
3.152800351381301880e-02 2.148098871111869812e-02
2.689549885690212250e-02 -1.519414409995079041e-02
3.166142106056213379e-02 2.209852263331413269e-02
3.157077357172966003e-02 2.123085968196392059e-02
3.139193356037139893e-02 2.013383433222770691e-02
3.139919415116310120e-02 1.982321962714195251e-02
3.137039765715599060e-02 1.956713944673538208e-02
3.126737475395202637e-02 1.875227317214012146e-02
3.096534870564937592e-02 1.722699217498302460e-02
3.111400268971920013e-02 1.817025989294052124e-02
3.074140474200248718e-02 1.604486815631389618e-02
3.121569380164146423e-02 2.007292583584785461e-02
3.136134520173072815e-02 2.108953893184661865e-02
2.661257237195968628e-02 -1.606765016913414001e-02
3.098575398325920105e-02 1.856164820492267609e-02
3.099158592522144318e-02 1.840068027377128601e-02
3.088386915624141693e-02 1.755072921514511108e-02
3.043884970247745514e-02 1.462051086127758026e-02
3.023977205157279968e-02 1.316155120730400085e-02
3.015233762562274933e-02 1.269347779452800751e-02
2.993197180330753326e-02 1.127323880791664124e-02
3.006008639931678772e-02 1.175487227737903595e-02
2.985450066626071930e-02 1.044962555170059204e-02
2.985859103500843048e-02 1.070057228207588196e-02
2.904635667800903320e-02 5.214722827076911926e-03
2.285454608500003815e-02 -4.036864265799522400e-02
2.948579750955104828e-02 8.355470374226570129e-03
2.898266166448593140e-02 4.179209470748901367e-03
2.919618412852287292e-02 6.089810281991958618e-03
2.748182788491249084e-02 -5.400106310844421387e-03
2.899598143994808197e-02 4.690796136856079102e-03
2.889986895024776459e-02 3.696676343679428101e-03
2.863553166389465332e-02 2.009995281696319580e-03
2.763126045465469360e-02 -4.284035414457321167e-03
2.768452651798725128e-02 -4.865691065788269043e-03
2.977982535958290100e-02 9.457504376769065857e-03
2.681991830468177795e-02 -1.092666015028953552e-02
2.071129158139228821e-02 -5.511938408017158508e-02
2.953573316335678101e-02 7.665321230888366699e-03
2.925066649913787842e-02 5.918346345424652100e-03
2.860511839389801025e-02 1.561537384986877441e-03
2.922682650387287140e-02 5.020642653107643127e-03
2.876359783113002777e-02 2.075947821140289307e-03
2.854784019291400909e-02 3.316849470138549805e-04
2.914067730307579041e-02 4.892587661743164062e-03
2.748395875096321106e-02 -7.633093744516372681e-03
2.874616533517837524e-02 1.585893332958221436e-03
2.997135929763317108e-02 1.114491932094097137e-02
2.912632562220096588e-02 4.737291485071182251e-03
2.404709346592426300e-02 -3.253172710537910461e-02
3.093765117228031158e-02 1.793381944298744202e-02
3.131282329559326172e-02 2.082711085677146912e-02
3.113687597215175629e-02 1.981826126575469971e-02
3.159562498331069946e-02 2.295836433768272400e-02
3.183313831686973572e-02 2.483602985739707947e-02
3.205477818846702576e-02 2.663974091410636902e-02
3.214976564049720764e-02 2.722861059010028839e-02
3.232220560312271118e-02 2.811288647353649139e-02
3.251325339078903198e-02 2.957649715244770050e-02
3.247644752264022827e-02 2.960674464702606201e-02
3.274029493331909180e-02 3.121237829327583313e-02
3.132432326674461365e-02 2.044055424630641937e-02
3.294549882411956787e-02 3.257928416132926941e-02
3.305497765541076660e-02 3.338590264320373535e-02
3.304076939821243286e-02 3.311964124441146851e-02
3.308618813753128052e-02 3.346803039312362671e-02
3.308347612619400024e-02 3.352284431457519531e-02
3.315048664808273315e-02 3.380445763468742371e-02
3.310723602771759033e-02 3.364465758204460144e-02
3.305444493889808655e-02 3.329313173890113831e-02
3.308008983731269836e-02 3.365511447191238403e-02
3.301977738738059998e-02 3.318450599908828735e-02
3.303908929228782654e-02 3.349828720092773438e-02
3.276374563574790955e-02 3.147550299763679504e-02
3.308680281043052673e-02 3.348455205559730530e-02
3.304856643080711365e-02 3.310562670230865479e-02
3.304028511047363281e-02 3.334934636950492859e-02
3.304035216569900513e-02 3.338040411472320557e-02
3.314312174916267395e-02 3.317854180932044983e-02
3.297140821814537048e-02 3.284284844994544983e-02
3.310929983854293823e-02 3.356766700744628906e-02
3.303572908043861389e-02 3.282635658979415894e-02
3.311414644122123718e-02 3.363551944494247437e-02
3.292044252157211304e-02 3.258091583847999573e-02
3.314965218305587769e-02 3.350206092000007629e-02
3.187977150082588196e-02 2.592637762427330017e-02
3.338913992047309875e-02 3.495677560567855835e-02
3.289566934108734131e-02 3.309674188494682312e-02
3.314688056707382202e-02 3.344593942165374756e-02
3.292872756719589233e-02 3.305752575397491455e-02
3.303566575050354004e-02 3.323709219694137573e-02
3.303029760718345642e-02 3.307546302676200867e-02
3.299152851104736328e-02 3.296041488647460938e-02
3.299314156174659729e-02 3.296795487403869629e-02
3.299787268042564392e-02 3.278427943587303162e-02
3.321931511163711548e-02 3.508246690034866333e-02
3.297141194343566895e-02 3.315607830882072449e-02
3.317167982459068298e-02 3.379787132143974304e-02
3.359163179993629456e-02 3.743514046072959900e-02
3.310203552246093750e-02 3.351127356290817261e-02
3.324094787240028381e-02 3.508640453219413757e-02
3.312397003173828125e-02 3.456887975335121155e-02
3.333677724003791809e-02 3.621103987097740173e-02
3.300791606307029724e-02 3.329404816031455994e-02
3.314599394798278809e-02 3.439842164516448975e-02
3.296132385730743408e-02 3.313307464122772217e-02
3.298104554414749146e-02 3.294617682695388794e-02
3.301725909113883972e-02 3.309790045022964478e-02
3.296727687120437622e-02 3.307865932583808899e-02
3.278222307562828064e-02 3.184565529227256775e-02
3.315316513180732727e-02 3.325306624174118042e-02
3.311239555478096008e-02 3.315592557191848755e-02
3.327799215912818909e-02 3.395318984985351562e-02
3.317824006080627441e-02 3.330269455909729004e-02
3.311637789011001587e-02 3.351061791181564331e-02
3.310908377170562744e-02 3.348605707287788391e-02
3.313426300883293152e-02 3.360882773995399475e-02
3.309129178524017334e-02 3.367036208510398865e-02
3.309697285294532776e-02 3.370514512062072754e-02
3.315303474664688110e-02 3.377561643719673157e-02
3.325257450342178345e-02 3.416398167610168457e-02
3.369740396738052368e-02 3.418587148189544678e-02
3.320601209998130798e-02 3.397493064403533936e-02
3.310961648821830750e-02 3.372099995613098145e-02
3.314666450023651123e-02 3.394025191664695740e-02
3.298689424991607666e-02 3.325587138533592224e-02
3.302706405520439148e-02 3.391703218221664429e-02
3.312870487570762634e-02 3.393300250172615051e-02
3.321174904704093933e-02 3.417180478572845459e-02
3.309635445475578308e-02 3.376375511288642883e-02
3.312188759446144104e-02 3.387286514043807983e-02
3.311177343130111694e-02 3.372421860694885254e-02
3.317007422447204590e-02 3.399914875626564026e-02
3.366070240736007690e-02 3.636458143591880798e-02
3.316528722643852234e-02 3.396811708807945251e-02
3.318293392658233643e-02 3.413816913962364197e-02
3.320006281137466431e-02 3.416002914309501648e-02
3.305868431925773621e-02 3.356151282787322998e-02
3.321970626711845398e-02 3.439458459615707397e-02
3.306916356086730957e-02 3.403048962354660034e-02
3.315884619951248169e-02 3.408618271350860596e-02
3.312277048826217651e-02 3.398890048265457153e-02
3.306429460644721985e-02 3.361929580569267273e-02
3.309283405542373657e-02 3.349866345524787903e-02
3.307035937905311584e-02 3.343921527266502380e-02
3.196374699473381042e-02 2.676425687968730927e-02
3.302152082324028015e-02 3.321695327758789062e-02
3.306749835610389709e-02 3.351449966430664062e-02
3.305424004793167114e-02 3.333028405904769897e-02
3.303255513310432434e-02 3.319394215941429138e-02
3.297447785735130310e-02 3.311609476804733276e-02
3.296711668372154236e-02 3.268634527921676636e-02
3.295380622148513794e-02 3.272704035043716431e-02
3.287818282842636108e-02 3.194380179047584534e-02
3.284144029021263123e-02 3.173054382205009460e-02
3.276844695210456848e-02 3.115619346499443054e-02
3.269714489579200745e-02 3.088825568556785583e-02
3.098829276859760284e-02 1.741525158286094666e-02
3.271919488906860352e-02 3.091132454574108124e-02
3.281361982226371765e-02 3.254882991313934326e-02
3.275728225708007812e-02 3.131463378667831421e-02
3.248284757137298584e-02 2.909586206078529358e-02
3.209926187992095947e-02 2.652498707175254822e-02
3.217998892068862915e-02 2.726127579808235168e-02
3.226102143526077271e-02 2.704060636460781097e-02
3.199914097785949707e-02 2.582959830760955811e-02
3.178528323769569397e-02 2.461056038737297058e-02
3.211070597171783447e-02 2.520744688808917999e-02
3.214789554476737976e-02 2.665010839700698853e-02
nan nan
