3.337507322430610657e-02 3.617899864912033081e-02
3.288192301988601685e-02 3.247655928134918213e-02
3.300949558615684509e-02 3.286243975162506104e-02
3.296400606632232666e-02 3.262400627136230469e-02
3.298110514879226685e-02 3.275540098547935486e-02
3.307373076677322388e-02 3.335890173912048340e-02
3.295504301786422729e-02 3.249974176287651062e-02
3.298921138048171997e-02 3.286037221550941467e-02
3.296274691820144653e-02 3.294378891587257385e-02
3.293842077255249023e-02 3.266063332557678223e-02
3.298718109726905823e-02 3.283342346549034119e-02
3.306187316775321960e-02 3.258099406957626343e-02
3.296044841408729553e-02 3.265774995088577271e-02
3.298733010888099670e-02 3.290591388940811157e-02
3.288421779870986938e-02 3.233261406421661377e-02
3.305738419294357300e-02 3.350475803017616272e-02
3.296218812465667725e-02 3.286377713084220886e-02
3.288979455828666687e-02 3.238090127706527710e-02
3.285062685608863831e-02 3.216502070426940918e-02
3.278684616088867188e-02 3.206785768270492554e-02
3.290384635329246521e-02 3.289403021335601807e-02
3.300919011235237122e-02 3.340486064553260803e-02
3.309294581413269043e-02 3.367188200354576111e-02
3.406887128949165344e-02 3.911972418427467346e-02
3.342048078775405884e-02 3.578069433569908142e-02
3.357766196131706238e-02 3.730189427733421326e-02
3.347573056817054749e-02 3.670663014054298401e-02
3.446596860885620117e-02 4.572570323944091797e-02
3.217025101184844971e-02 2.727473154664039612e-02
3.339567035436630249e-02 3.630287200212478638e-02
3.182452172040939331e-02 2.534362673759460449e-02
3.541622683405876160e-02 5.046243965625762939e-02
3.299311921000480652e-02 3.299456089735031128e-02
3.297317773103713989e-02 3.281645104289054871e-02
3.299069777131080627e-02 3.291683271527290344e-02
3.299697116017341614e-02 3.299947828054428101e-02
3.301505371928215027e-02 3.294260427355766296e-02
3.303924575448036194e-02 3.318391367793083191e-02
3.307770937681198120e-02 3.348561748862266541e-02
3.306389972567558289e-02 3.308339044451713562e-02
3.314209356904029846e-02 3.375951945781707764e-02
3.308082371950149536e-02 3.315905854105949402e-02
3.304981067776679993e-02 3.322805091738700867e-02
3.293255344033241272e-02 3.266383334994316101e-02
3.287748247385025024e-02 3.250264748930931091e-02
3.298151865601539612e-02 3.277224674820899963e-02
3.307922184467315674e-02 3.288603574037551880e-02
3.349857404828071594e-02 3.452090919017791748e-02
3.319529816508293152e-02 3.402518108487129211e-02
3.308608010411262512e-02 3.326385840773582458e-02
3.297019004821777344e-02 3.247741609811782837e-02
3.294033929705619812e-02 3.257390111684799194e-02
3.286882117390632629e-02 3.195518627762794495e-02
3.290614113211631775e-02 3.232925757765769958e-02
3.290798515081405640e-02 3.238262236118316650e-02
3.283327445387840271e-02 3.181229904294013977e-02
3.278648480772972107e-02 3.158184140920639038e-02
3.276497125625610352e-02 3.132870420813560486e-02
3.294902294874191284e-02 3.244165331125259399e-02
3.255393728613853455e-02 2.888333424925804138e-02
3.277081996202468872e-02 3.117093443870544434e-02
3.285040333867073059e-02 3.129930421710014343e-02
3.276599198579788208e-02 3.062397986650466919e-02
3.222601488232612610e-02 2.886100858449935913e-02
3.201757743954658508e-02 3.767685592174530029e-02
3.347481414675712585e-02 3.454457968473434448e-02
3.300122171640396118e-02 2.901162579655647278e-02
3.384985402226448059e-02 3.624562174081802368e-02
3.256951272487640381e-02 2.820083871483802795e-02
3.611910343170166016e-02 5.649501830339431763e-02
3.372712433338165283e-02 3.823797032237052917e-02
3.378076851367950439e-02 3.762786462903022766e-02
3.298121318221092224e-02 3.249710053205490112e-02
3.290322422981262207e-02 3.179750218987464905e-02
3.267225250601768494e-02 3.062434867024421692e-02
3.225292637944221497e-02 2.793580666184425354e-02
3.256165236234664917e-02 3.047285974025726318e-02
3.210212662816047668e-02 2.792633324861526489e-02
3.126356378197669983e-02 2.136312425136566162e-02
3.209250047802925110e-02 2.692233584821224213e-02
3.199476003646850586e-02 2.607892453670501709e-02
3.236059471964836121e-02 2.932129055261611938e-02
3.163484111428260803e-02 2.991969138383865356e-02
3.080275095999240875e-02 2.402324974536895752e-02
3.285933658480644226e-02 3.209978342056274414e-02
3.287992253899574280e-02 3.233652561902999878e-02
3.292402625083923340e-02 3.254268318414688110e-02
3.296176344156265259e-02 3.268187493085861206e-02
3.292676061391830444e-02 3.279201686382293701e-02
3.297881036996841431e-02 3.319632634520530701e-02
3.301286324858665466e-02 3.331173211336135864e-02
3.299171105027198792e-02 3.315550833940505981e-02
3.297378122806549072e-02 3.295892849564552307e-02
3.310363739728927612e-02 3.364141657948493958e-02
3.309719264507293701e-02 3.392133489251136780e-02
3.289963304996490479e-02 3.305671364068984985e-02
3.307591378688812256e-02 3.382971510291099548e-02
3.307055309414863586e-02 3.347225859761238098e-02
3.317512199282646179e-02 3.389951586723327637e-02
3.318180516362190247e-02 3.375377133488655090e-02
3.309113904833793640e-02 3.303846716880798340e-02
3.311645984649658203e-02 3.353714197874069214e-02
3.295277431607246399e-02 3.286357969045639038e-02
3.299805521965026855e-02 3.303326666355133057e-02
3.299675881862640381e-02 3.289018943905830383e-02
3.313269838690757751e-02 3.345793485641479492e-02
3.317692503333091736e-02 3.353659063577651978e-02
3.360303491353988647e-02 3.295270353555679321e-02
3.309686481952667236e-02 3.326234593987464905e-02
3.309919312596321106e-02 3.340991213917732239e-02
3.310223296284675598e-02 3.384986147284507751e-02
3.304788842797279358e-02 3.364232927560806274e-02
3.300715237855911255e-02 3.358371555805206299e-02
3.300700336694717407e-02 3.369227796792984009e-02
3.299356251955032349e-02 3.368898853659629822e-02
3.309440240263938904e-02 3.387592360377311707e-02
3.311519697308540344e-02 3.355653584003448486e-02
3.315759822726249695e-02 3.369253873825073242e-02
3.312569484114646912e-02 3.353556245565414429e-02
3.373668715357780457e-02 3.670460358262062073e-02
3.307829797267913818e-02 3.380019590258598328e-02
3.303574025630950928e-02 3.383859992027282715e-02
3.301441296935081482e-02 3.348613530397415161e-02
3.305554389953613281e-02 3.359338641166687012e-02
3.311105445027351379e-02 3.379447013139724731e-02
3.310713917016983032e-02 3.380306810140609741e-02
3.309664502739906311e-02 3.364060819149017334e-02
3.312780708074569702e-02 3.390592336654663086e-02
3.311232104897499084e-02 3.360397368669509888e-02
3.313884884119033813e-02 3.380046039819717407e-02
3.314271569252014160e-02 3.391279280185699463e-02
3.389317542314529419e-02 3.844392672181129456e-02
3.316615894436836243e-02 3.406066820025444031e-02
3.315788507461547852e-02 3.402050957083702087e-02
3.311371430754661560e-02 3.389840945601463318e-02
3.311593830585479736e-02 3.381679952144622803e-02
3.314001113176345825e-02 3.396065905690193176e-02
3.311793133616447449e-02 3.376440703868865967e-02
3.312015905976295471e-02 3.386119008064270020e-02
3.311530500650405884e-02 3.393401950597763062e-02
3.312862664461135864e-02 3.393522277474403381e-02
3.312775865197181702e-02 3.410125523805618286e-02
3.325967118144035339e-02 3.451962023973464966e-02
3.312426805496215820e-02 3.355975821614265442e-02
3.305379301309585571e-02 3.325517103075981140e-02
3.308361396193504333e-02 3.352861851453781128e-02
3.307448327541351318e-02 3.339215740561485291e-02
3.308191150426864624e-02 3.343029692769050598e-02
3.299906849861145020e-02 3.301494196057319641e-02
3.297985345125198364e-02 3.299385309219360352e-02
3.299607709050178528e-02 3.307661041617393494e-02
3.298109024763107300e-02 3.284731879830360413e-02
3.305523097515106201e-02 3.324818983674049377e-02
3.304692730307579041e-02 3.318256512284278870e-02
3.298453614115715027e-02 3.295397385954856873e-02
3.302388265728950500e-02 3.262612596154212952e-02
3.295536339282989502e-02 3.317666053771972656e-02
3.287843987345695496e-02 3.292307630181312561e-02
3.293290361762046814e-02 3.274944052100181580e-02
3.290855139493942261e-02 3.288076445460319519e-02
3.285848721861839294e-02 3.300554677844047546e-02
3.308857604861259460e-02 3.747678175568580627e-02
3.331496939063072205e-02 3.486707434058189392e-02
3.560819476842880249e-02 4.369451850652694702e-02
3.441462293267250061e-02 4.320346564054489136e-02
3.464244678616523743e-02 4.513419419527053833e-02
3.397046402096748352e-02 3.956566751003265381e-02
3.350242227315902710e-02 3.560353815555572510e-02
3.374294936656951904e-02 3.928194195032119751e-02
3.335564211010932922e-02 3.554895520210266113e-02
3.297074139118194580e-02 3.274086490273475647e-02
3.285719454288482666e-02 3.176619857549667358e-02
3.274984285235404968e-02 3.038908913731575012e-02
3.287023305892944336e-02 3.073017857968807220e-02
3.330639749765396118e-02 3.346917405724525452e-02
3.248726949095726013e-02 2.831135503947734833e-02
3.258847817778587341e-02 3.099869005382061005e-02
3.199892118573188782e-02 2.629212848842144012e-02
3.258819505572319031e-02 3.056063689291477203e-02
3.403786942362785339e-02 4.008727893233299255e-02
3.274832665920257568e-02 3.297568112611770630e-02
3.298065066337585449e-02 3.322062641382217407e-02
3.311155363917350769e-02 3.372181206941604614e-02
3.316397219896316528e-02 3.407595679163932800e-02
3.324472159147262573e-02 3.432706370949745178e-02
3.315353021025657654e-02 3.373545408248901367e-02
3.308572620153427124e-02 3.321278095245361328e-02
3.306408599019050598e-02 3.301289305090904236e-02
3.305095806717872620e-02 3.314491361379623413e-02
3.297920152544975281e-02 3.291333466768264771e-02
3.287756443023681641e-02 3.252021595835685730e-02
3.336201980710029602e-02 3.640994802117347717e-02
3.294784575700759888e-02 3.310291841626167297e-02
3.292942047119140625e-02 3.296002000570297241e-02
3.289929032325744629e-02 3.246281296014785767e-02
3.290376812219619751e-02 3.237480297684669495e-02
3.296464681625366211e-02 3.254684433341026306e-02
3.300153464078903198e-02 3.275120630860328674e-02
3.306574746966362000e-02 3.284491598606109619e-02
3.301302716135978699e-02 3.244628384709358215e-02
3.302778676152229309e-02 3.265231102705001831e-02
3.294547274708747864e-02 3.247147426009178162e-02
3.293887898325920105e-02 3.294608369469642639e-02
3.305065631866455078e-02 3.389909490942955017e-02
3.298519551753997803e-02 3.354746848344802856e-02
3.319289907813072205e-02 3.505641222000122070e-02
3.310663625597953796e-02 3.435409814119338989e-02
3.315166011452674866e-02 3.446424752473831177e-02
3.415389731526374817e-02 4.204485937952995300e-02
3.313992545008659363e-02 3.438213840126991272e-02
3.298230841755867004e-02 3.298937529325485229e-02
3.300535678863525391e-02 3.302482143044471741e-02
3.312485665082931519e-02 3.393907845020294189e-02
3.307957947254180908e-02 3.380451723933219910e-02
3.308169916272163391e-02 3.364714607596397400e-02
3.345569223165512085e-02 3.427816927433013916e-02
3.291089087724685669e-02 3.210746496915817261e-02
3.293672949075698853e-02 3.221707046031951904e-02
3.294130042195320129e-02 3.235730156302452087e-02
3.298131376504898071e-02 3.229403868317604065e-02
3.290184959769248962e-02 3.222386538982391357e-02
3.300379961729049683e-02 3.257629275321960449e-02
3.286405280232429504e-02 3.203798457980155945e-02
3.279306367039680481e-02 3.140786290168762207e-02
3.288691118359565735e-02 3.226208314299583435e-02
3.292085602879524231e-02 3.219520300626754761e-02
3.291526436805725098e-02 3.228290751576423645e-02
3.290548548102378845e-02 3.186935186386108398e-02
3.294045478105545044e-02 3.244893997907638550e-02
3.285488486289978027e-02 3.221745416522026062e-02
3.289083018898963928e-02 3.223831951618194580e-02
3.288654610514640808e-02 3.227430954575538635e-02
3.287431597709655762e-02 3.215651586651802063e-02
3.287411108613014221e-02 3.214244171977043152e-02
3.287618607282638550e-02 3.209679573774337769e-02
3.298200666904449463e-02 3.279057517647743225e-02
3.283945843577384949e-02 3.189281001687049866e-02
3.289398178458213806e-02 3.247781842947006226e-02
3.283096477389335632e-02 3.164029121398925781e-02
3.277306258678436279e-02 3.068506345152854919e-02
3.298513218760490417e-02 3.234729543328285217e-02
3.297952935099601746e-02 3.232565894722938538e-02
3.305441513657569885e-02 3.286065533757209778e-02
3.283543139696121216e-02 3.119232505559921265e-02
3.284985944628715515e-02 3.033808991312980652e-02
3.350546956062316895e-02 3.593431413173675537e-02
3.372261300683021545e-02 3.708858788013458252e-02
3.372127190232276917e-02 3.711491450667381287e-02
3.335699439048767090e-02 3.464498370885848999e-02
3.329004347324371338e-02 3.378873690962791443e-02
3.324094042181968689e-02 3.408761695027351379e-02
3.355697542428970337e-02 3.675731271505355835e-02
3.349414467811584473e-02 3.575078770518302917e-02
3.329866379499435425e-02 3.455865383148193359e-02
3.338205441832542419e-02 3.488897159695625305e-02
3.309819102287292480e-02 3.357869014143943787e-02
3.309400752186775208e-02 3.334029018878936768e-02
3.301027417182922363e-02 3.311568871140480042e-02
3.309981152415275574e-02 3.366402164101600647e-02
3.306447714567184448e-02 3.343269601464271545e-02
3.299423307180404663e-02 3.316908329725265503e-02
3.301161155104637146e-02 3.326639905571937561e-02
3.299085423350334167e-02 3.307813405990600586e-02
3.256531059741973877e-02 2.892925404012203217e-02
3.292707353830337524e-02 3.258686512708663940e-02
3.298351541161537170e-02 3.278530389070510864e-02
3.279349207878112793e-02 3.159004449844360352e-02
3.277117386460304260e-02 3.143378719687461853e-02
3.241812065243721008e-02 2.944551035761833191e-02
3.304912522435188293e-02 3.335218876600265503e-02
3.305178508162498474e-02 3.335120901465415955e-02
3.305156156420707703e-02 3.330047056078910828e-02
3.303243219852447510e-02 3.324168547987937927e-02
3.303623571991920471e-02 3.323249146342277527e-02
3.306300193071365356e-02 3.334679082036018372e-02
3.314694017171859741e-02 3.338269889354705811e-02
3.304775804281234741e-02 3.328181803226470947e-02
3.303371742367744446e-02 3.314727172255516052e-02
3.301452100276947021e-02 3.299138695001602173e-02
3.301825746893882751e-02 3.291988372802734375e-02
3.300149366259574890e-02 3.291756287217140198e-02
3.291332721710205078e-02 3.212490677833557129e-02
3.282027691602706909e-02 3.120904602110385895e-02
3.270586207509040833e-02 3.048910386860370636e-02
3.273354470729827881e-02 3.040320798754692078e-02
3.251459822058677673e-02 2.867191471159458160e-02
3.299601376056671143e-02 3.220779076218605042e-02
3.227780014276504517e-02 2.756797522306442261e-02
3.286606445908546448e-02 3.208825364708900452e-02
3.312016651034355164e-02 3.401018679141998291e-02
3.300984576344490051e-02 3.307449445128440857e-02
3.295089304447174072e-02 3.267635405063629150e-02
3.298651054501533508e-02 3.267000988125801086e-02
3.296314552426338196e-02 3.270982950925827026e-02
3.310457989573478699e-02 3.368982672691345215e-02
3.261756524443626404e-02 3.184635564684867859e-02
3.353288024663925171e-02 3.725958615541458130e-02
3.351632878184318542e-02 3.596006706357002258e-02
3.424143791198730469e-02 4.155855253338813782e-02
3.332774341106414795e-02 3.290453553199768066e-02
3.358351439237594604e-02 3.703281283378601074e-02
3.566711768507957458e-02 5.405971407890319824e-02
3.430099412798881531e-02 4.853691905736923218e-02
3.318938612937927246e-02 3.549173474311828613e-02
3.282786905765533447e-02 3.190450742840766907e-02
3.276658803224563599e-02 3.147117048501968384e-02
3.251059353351593018e-02 2.933986485004425049e-02
3.230508789420127869e-02 2.814315631985664368e-02
3.215558081865310669e-02 2.674159780144691467e-02
3.214395046234130859e-02 2.752651274204254150e-02
3.150435164570808411e-02 2.271662279963493347e-02
3.076311759650707245e-02 1.858950220048427582e-02
3.238672018051147461e-02 3.043830953538417816e-02
3.187609463930130005e-02 2.636607736349105835e-02
3.052388131618499756e-02 3.485130146145820618e-02
3.252227604389190674e-02 3.198507800698280334e-02
3.299375250935554504e-02 3.291420638561248779e-02
3.301073238253593445e-02 3.288304060697555542e-02
3.297993168234825134e-02 3.264948725700378418e-02
3.292505443096160889e-02 3.247862309217453003e-02
3.300088644027709961e-02 3.280588239431381226e-02
3.302270546555519104e-02 3.308565914630889893e-02
3.309375792741775513e-02 3.359259665012359619e-02
3.317023068666458130e-02 3.350260108709335327e-02
3.305204957723617554e-02 3.349066525697708130e-02
3.310285508632659912e-02 3.392270952463150024e-02
3.304194286465644836e-02 3.350329399108886719e-02
3.307439759373664856e-02 3.360521048307418823e-02
3.310636058449745178e-02 3.375611081719398499e-02
3.314370289444923401e-02 3.408705070614814758e-02
3.316034376621246338e-02 3.413804993033409119e-02
3.317459300160408020e-02 3.437532112002372742e-02
3.321485966444015503e-02 3.457837179303169250e-02
3.321882709860801697e-02 3.458449617028236389e-02
3.321063518524169922e-02 3.451639041304588318e-02
3.370024636387825012e-02 3.709951788187026978e-02
3.326686471700668335e-02 3.480578586459159851e-02
3.321013972163200378e-02 3.441319614648818970e-02
3.357063233852386475e-02 3.660211712121963501e-02
3.355623409152030945e-02 3.704398870468139648e-02
3.316414728760719299e-02 3.412577882409095764e-02
3.316169604659080505e-02 3.422932326793670654e-02
3.310162574052810669e-02 3.391556814312934875e-02
3.317241370677947998e-02 3.434458747506141663e-02
3.318133950233459473e-02 3.435869142413139343e-02
3.321053832769393921e-02 3.449086844921112061e-02
3.316973149776458740e-02 3.409466519951820374e-02
3.362283855676651001e-02 3.501236811280250549e-02
3.325659036636352539e-02 3.468382731080055237e-02
3.322236612439155579e-02 3.468794375658035278e-02
3.330292925238609314e-02 3.512459248304367065e-02
3.325633332133293152e-02 3.515639901161193848e-02
3.329404070973396301e-02 3.552117943763732910e-02
3.341975435614585876e-02 3.643728047609329224e-02
3.345327824354171753e-02 3.670977056026458740e-02
3.362609818577766418e-02 3.764034807682037354e-02
3.383115679025650024e-02 3.922361880540847778e-02
3.429559245705604553e-02 4.278805106878280640e-02
3.374022245407104492e-02 3.888177499175071716e-02
3.364728391170501709e-02 3.669341653585433960e-02
3.309841826558113098e-02 3.388774767518043518e-02
3.349433466792106628e-02 3.593253344297409058e-02
3.325465694069862366e-02 3.425206243991851807e-02
3.290707245469093323e-02 3.131341189146041870e-02
3.313408046960830688e-02 3.406717255711555481e-02
3.315622732043266296e-02 3.401659429073333740e-02
3.312738612294197083e-02 3.396082296967506409e-02
3.303276374936103821e-02 3.319901973009109497e-02
3.309306129813194275e-02 3.339474275708198547e-02
3.305609896779060364e-02 3.320910036563873291e-02
3.298984467983245850e-02 3.294789046049118042e-02
3.288625925779342651e-02 3.141774237155914307e-02
3.295196592807769775e-02 3.296266123652458191e-02
3.297053650021553040e-02 3.300300613045692444e-02
3.299086168408393860e-02 3.293395787477493286e-02
3.297382965683937073e-02 3.279620781540870667e-02
3.291328251361846924e-02 3.234979882836341858e-02
3.294318541884422302e-02 3.273852542042732239e-02
3.271663561463356018e-02 3.093480877578258514e-02
3.259707614779472351e-02 2.968549355864524841e-02
3.233292698860168457e-02 2.722511626780033112e-02
3.287060558795928955e-02 3.254993632435798645e-02
3.298986703157424927e-02 3.358229249715805054e-02
3.239344060420989990e-02 3.159675747156143188e-02
3.281677514314651489e-02 3.250281885266304016e-02
3.290303051471710205e-02 3.307377174496650696e-02
3.301244229078292847e-02 3.364841639995574951e-02
3.303801640868186951e-02 3.390150144696235657e-02
3.304587677121162415e-02 3.380276635289192200e-02
3.376473486423492432e-02 3.811044991016387939e-02
3.323866426944732666e-02 3.471558168530464172e-02
3.302762284874916077e-02 3.264194354414939880e-02
3.295158967375755310e-02 3.194570541381835938e-02
3.301780298352241516e-02 3.271726146340370178e-02
3.314259275794029236e-02 3.368561342358589172e-02
3.345625847578048706e-02 3.446363657712936401e-02
3.305148705840110779e-02 3.363224864006042480e-02
3.286775201559066772e-02 3.327362611889839172e-02
3.287468850612640381e-02 3.326867148280143738e-02
3.288746997714042664e-02 3.371725231409072876e-02
3.303235396742820740e-02 3.413872793316841125e-02
3.303843364119529724e-02 3.377118334174156189e-02
3.318735957145690918e-02 3.402830660343170166e-02
3.319732844829559326e-02 3.367734700441360474e-02
3.326144069433212280e-02 3.387916833162307739e-02
3.316013514995574951e-02 3.336950019001960754e-02
3.310886397957801819e-02 3.336761891841888428e-02
3.370943665504455566e-02 3.499279171228408813e-02
3.306651860475540161e-02 3.343161940574645996e-02
3.296286985278129578e-02 3.346661850810050964e-02
3.295961767435073853e-02 3.340263292193412781e-02
3.292763978242874146e-02 3.303090482950210571e-02
3.285764157772064209e-02 3.249267488718032837e-02
3.291140869259834290e-02 3.309347480535507202e-02
3.305772691965103149e-02 3.346779942512512207e-02
3.311727568507194519e-02 3.366602957248687744e-02
3.306389227509498596e-02 3.332279250025749207e-02
3.318741917610168457e-02 3.372247144579887390e-02
3.321480751037597656e-02 3.407801315188407898e-02
3.341451659798622131e-02 3.147901967167854309e-02
3.317116200923919678e-02 3.363838791847229004e-02
3.335088863968849182e-02 3.426248207688331604e-02
3.346290811896324158e-02 3.465934097766876221e-02
3.331925347447395325e-02 3.378534317016601562e-02
3.308939188718795776e-02 3.307544067502021790e-02
3.299274668097496033e-02 3.361747413873672485e-02
3.301867097616195679e-02 3.388784825801849365e-02
3.286156803369522095e-02 3.375385701656341553e-02
3.272749856114387512e-02 3.333848714828491211e-02
3.292093798518180847e-02 3.362224996089935303e-02
3.317764773964881897e-02 3.420570865273475647e-02
3.360077738761901855e-02 3.464812785387039185e-02
3.326779231429100037e-02 3.427626192569732666e-02
3.326882049441337585e-02 3.450877591967582703e-02
3.318708017468452454e-02 3.456895053386688232e-02
3.309031203389167786e-02 3.427698090672492981e-02
3.307024016976356506e-02 3.432935848832130432e-02
3.318462520837783813e-02 3.483428806066513062e-02
3.330800682306289673e-02 3.538307920098304749e-02
3.345883637666702271e-02 3.604226559400558472e-02
3.371367976069450378e-02 3.739010915160179138e-02
3.335371986031532288e-02 3.514799848198890686e-02
3.327997401356697083e-02 3.482785448431968689e-02
3.357956185936927795e-02 3.622998297214508057e-02
3.355920314788818359e-02 3.740713000297546387e-02
3.389095515012741089e-02 4.003136977553367615e-02
3.427624329924583435e-02 4.284573718905448914e-02
3.552067652344703674e-02 5.245932191610336304e-02
3.762268275022506714e-02 6.564161181449890137e-02
3.481403365731239319e-02 4.597363993525505066e-02
3.376613184809684753e-02 3.756499290466308594e-02
3.336514532566070557e-02 3.539854288101196289e-02
3.313438594341278076e-02 3.376215696334838867e-02
3.311982378363609314e-02 3.382069990038871765e-02
3.314435854554176331e-02 3.385545313358306885e-02
3.335720300674438477e-02 3.387985378503799438e-02
3.314748778939247131e-02 3.385498374700546265e-02
3.313725441694259644e-02 3.387347236275672913e-02
3.311195597052574158e-02 3.374228626489639282e-02
3.310735151171684265e-02 3.373822197318077087e-02
3.310598433017730713e-02 3.370138630270957947e-02
3.309783339500427246e-02 3.367413207888603210e-02
3.304985538125038147e-02 3.348307311534881592e-02
3.306669741868972778e-02 3.346909955143928528e-02
3.305850550532341003e-02 3.352670744061470032e-02
3.306990861892700195e-02 3.352544084191322327e-02
3.308739513158798218e-02 3.367825597524642944e-02
3.307758271694183350e-02 3.326044976711273193e-02
3.307547420263290405e-02 3.369235247373580933e-02
3.307096660137176514e-02 3.368521854281425476e-02
3.306802362203598022e-02 3.364999964833259583e-02
3.306422010064125061e-02 3.362224251031875610e-02
3.310741111636161804e-02 3.379555791616439819e-02
3.312221169471740723e-02 3.377842158079147339e-02
3.312606364488601685e-02 3.385879099369049072e-02
3.314160928130149841e-02 3.391242027282714844e-02
3.309775143861770630e-02 3.360936418175697327e-02
3.310623392462730408e-02 3.368411958217620850e-02
3.312472626566886902e-02 3.402547538280487061e-02
3.337229043245315552e-02 3.505567833781242371e-02
3.320949524641036987e-02 3.454272076487541199e-02
3.333080932497978210e-02 3.562671318650245667e-02
3.332238271832466125e-02 3.545645624399185181e-02
3.349327296018600464e-02 3.664681687951087952e-02
3.401020169258117676e-02 4.100483655929565430e-02
3.447620198130607605e-02 4.524040967226028442e-02
3.411612659692764282e-02 4.230383038520812988e-02
3.337771072983741760e-02 3.633624687790870667e-02
3.564852103590965271e-02 5.223646759986877441e-02
3.417660295963287354e-02 4.130192101001739502e-02
3.348815813660621643e-02 3.687229752540588379e-02
3.296349197626113892e-02 3.365100547671318054e-02
3.314353525638580322e-02 3.415898606181144714e-02
3.314156830310821533e-02 3.410800918936729431e-02
3.317491710186004639e-02 3.432321175932884216e-02
3.314360231161117554e-02 3.403424099087715149e-02
3.323774412274360657e-02 3.444242104887962341e-02
3.335089981555938721e-02 3.547332063317298889e-02
3.296921402215957642e-02 3.411144018173217773e-02
3.273363038897514343e-02 4.504834860563278198e-02
3.441918268799781799e-02 4.297316446900367737e-02
3.564319759607315063e-02 5.280761793255805969e-02
3.334299102425575256e-02 3.420085459947586060e-02
3.561292216181755066e-02 5.027002096176147461e-02
3.911150619387626648e-02 8.006516844034194946e-02
3.544318675994873047e-02 5.863537266850471497e-02
3.343919292092323303e-02 3.678355365991592407e-02
3.324012085795402527e-02 3.482138738036155701e-02
3.296470269560813904e-02 3.285224735736846924e-02
3.270385041832923889e-02 3.103590942919254303e-02
3.247726708650588989e-02 2.893298119306564331e-02
3.251480311155319214e-02 2.951845340430736542e-02
3.260672092437744141e-02 3.131363168358802795e-02
3.208361193537712097e-02 2.704936079680919647e-02
3.241228684782981873e-02 3.017360344529151917e-02
3.100290335714817047e-02 1.842045970261096954e-02
3.259781002998352051e-02 3.098007664084434509e-02
3.106772527098655701e-02 3.000683709979057312e-02
3.285412490367889404e-02 3.282197937369346619e-02
3.292873129248619080e-02 3.257325291633605957e-02
3.306698054075241089e-02 3.325793892145156860e-02
3.297530859708786011e-02 3.282416611909866333e-02
3.303163871169090271e-02 3.324770927429199219e-02
3.302617743611335754e-02 3.317294269800186157e-02
3.301047533750534058e-02 3.306848928332328796e-02
3.301955386996269226e-02 3.317814320325851440e-02
3.306701034307479858e-02 3.350611031055450439e-02
3.274533152580261230e-02 3.066127002239227295e-02
3.305812552571296692e-02 3.338246792554855347e-02
3.306946530938148499e-02 3.340172395110130310e-02
3.305400907993316650e-02 3.349742293357849121e-02
3.310985863208770752e-02 3.377107903361320496e-02
3.308254107832908630e-02 3.363781049847602844e-02
3.303823992609977722e-02 3.321670368313789368e-02
3.311681747436523438e-02 3.380590304732322693e-02
3.309670463204383850e-02 3.377743810415267944e-02
3.311174362897872925e-02 3.392068296670913696e-02
3.312676772475242615e-02 3.393613174557685852e-02
3.317005932331085205e-02 3.439051285386085510e-02
3.359318524599075317e-02 3.622705116868019104e-02
3.380437195301055908e-02 3.988969326019287109e-02
3.308458998799324036e-02 3.360107913613319397e-02
3.307931497693061829e-02 3.356898948550224304e-02
3.309189155697822571e-02 3.366845473647117615e-02
3.308143094182014465e-02 3.352558985352516174e-02
3.310082480311393738e-02 3.364028036594390869e-02
3.311181440949440002e-02 3.378883376717567444e-02
3.303957730531692505e-02 3.342368453741073608e-02
3.309495002031326294e-02 3.362413495779037476e-02
3.311007469892501831e-02 3.379996493458747864e-02
3.310225903987884521e-02 3.371554613113403320e-02
3.295694664120674133e-02 3.227079659700393677e-02
3.313097730278968811e-02 3.387428447604179382e-02
3.310629725456237793e-02 3.374909609556198120e-02
3.311197087168693542e-02 3.377372026443481445e-02
3.311862796545028687e-02 3.379887714982032776e-02
3.311298787593841553e-02 3.371541574597358704e-02
3.310409560799598694e-02 3.371105343103408813e-02
3.310148045420646667e-02 3.374550864100456238e-02
3.310555219650268555e-02 3.365008160471916199e-02
3.310679271817207336e-02 3.357275947928428650e-02
3.311276063323020935e-02 3.373968228697776794e-02
3.309152275323867798e-02 3.363304957747459412e-02
3.335207328200340271e-02 3.448815643787384033e-02
3.308505564928054810e-02 3.378377482295036316e-02
3.306759148836135864e-02 3.354893997311592102e-02
3.307506814599037170e-02 3.352919593453407288e-02
3.310240805149078369e-02 3.359876200556755066e-02
3.311464935541152954e-02 3.374866396188735962e-02
3.311006352305412292e-02 3.356658667325973511e-02
3.312230482697486877e-02 3.360559791326522827e-02
3.305286541581153870e-02 3.333220258355140686e-02
3.306049853563308716e-02 3.339986130595207214e-02
3.308563679456710815e-02 3.373648226261138916e-02
3.300411626696586609e-02 3.326553478837013245e-02
3.326336294412612915e-02 3.649931028485298157e-02
3.307046368718147278e-02 3.350991383194923401e-02
3.307721018791198730e-02 3.343981876969337463e-02
3.313348814845085144e-02 3.365733101963996887e-02
3.311811760067939758e-02 3.364298492670059204e-02
3.308262303471565247e-02 3.341000899672508240e-02
3.307246044278144836e-02 3.341070562601089478e-02
3.312224522233009338e-02 3.372005000710487366e-02
3.303086385130882263e-02 3.314645215868949890e-02
3.299676254391670227e-02 3.298375755548477173e-02
3.309709206223487854e-02 3.324005007743835449e-02
3.289701417088508606e-02 3.264615684747695923e-02
4.325836896896362305e-02 1.096459180116653442e-01
3.196942061185836792e-02 3.043102100491523743e-02
3.349526599049568176e-02 3.575424104928970337e-02
3.412579745054244995e-02 4.047220945358276367e-02
3.409869968891143799e-02 4.050332307815551758e-02
3.388552740216255188e-02 3.825557231903076172e-02
3.305142000317573547e-02 3.331096470355987549e-02
3.510854765772819519e-02 5.161652714014053345e-02
3.333949297666549683e-02 3.589135780930519104e-02
3.302165865898132324e-02 3.309428319334983826e-02
3.284934535622596741e-02 3.188451379537582397e-02
3.276455402374267578e-02 3.118975274264812469e-02
3.229402005672454834e-02 2.721489220857620239e-02
3.230039030313491821e-02 2.675047330558300018e-02
3.272658213973045349e-02 3.190451115369796753e-02
3.212725371122360229e-02 2.847934514284133911e-02
3.218983113765716553e-02 2.831899374723434448e-02
3.202021121978759766e-02 2.678136527538299561e-02
3.232753649353981018e-02 3.012621402740478516e-02
3.151003271341323853e-02 3.371287509799003601e-02
3.271152451634407043e-02 3.336835652589797974e-02
3.306736424565315247e-02 3.382286429405212402e-02
3.312587738037109375e-02 3.397714719176292419e-02
3.313944116234779358e-02 3.408902511000633240e-02
3.287166357040405273e-02 3.194424510002136230e-02
3.327427804470062256e-02 3.511340171098709106e-02
3.329799696803092957e-02 3.518196940422058105e-02
3.340071812272071838e-02 3.596203401684761047e-02
3.353873640298843384e-02 3.723771870136260986e-02
3.369808942079544067e-02 3.827486187219619751e-02
3.378545492887496948e-02 3.862643614411354065e-02
3.410198166966438293e-02 4.071480780839920044e-02
3.486133739352226257e-02 4.567446932196617126e-02
3.785159438848495483e-02 6.805391609668731689e-02
3.902612254023551941e-02 7.403260469436645508e-02
4.349032044410705566e-02 1.029544770717620850e-01
4.386686533689498901e-02 1.070232540369033813e-01
4.408161342144012451e-02 1.053953766822814941e-01
4.466601461172103882e-02 1.086568534374237061e-01
3.428100049495697021e-02 4.077827557921409607e-02
3.338577970862388611e-02 3.560236096382141113e-02
3.346717357635498047e-02 3.622086346149444580e-02
4.082045704126358032e-02 8.843176066875457764e-02
3.351407870650291443e-02 3.672664985060691833e-02
3.316844999790191650e-02 3.425182029604911804e-02
3.319067880511283875e-02 3.433851152658462524e-02
3.322365880012512207e-02 3.473399952054023743e-02
3.324466943740844727e-02 3.477417305111885071e-02
3.409426286816596985e-02 4.005930945277214050e-02
3.311893716454505920e-02 3.408904373645782471e-02
3.310994058847427368e-02 3.406444191932678223e-02
3.309521824121475220e-02 3.412012755870819092e-02
3.306742385029792786e-02 3.423741459846496582e-02
3.307098522782325745e-02 3.420675545930862427e-02
3.304972127079963684e-02 3.406154736876487732e-02
3.306207060813903809e-02 3.426126763224601746e-02
3.318860381841659546e-02 3.496235609054565430e-02
3.319431468844413757e-02 3.530623763799667358e-02
3.317872807383537292e-02 3.464090824127197266e-02
3.319648280739784241e-02 3.480317071080207825e-02
3.350133076310157776e-02 3.702687844634056091e-02
3.338198363780975342e-02 3.606098517775535583e-02
3.369536623358726501e-02 3.833540901541709900e-02
3.379598259925842285e-02 3.856939449906349182e-02
3.438876196742057800e-02 4.279015213251113892e-02
3.586612269282341003e-02 5.345496535301208496e-02
3.697552159428596497e-02 6.050119549036026001e-02
3.795913979411125183e-02 6.752322614192962646e-02
3.832194954156875610e-02 7.369896769523620605e-02
3.498521074652671814e-02 4.701451584696769714e-02
3.338429704308509827e-02 3.485316410660743713e-02
3.318864107131958008e-02 3.385682776570320129e-02
3.413504734635353088e-02 3.789509087800979614e-02
3.314235433936119080e-02 3.407248109579086304e-02
3.315844386816024780e-02 3.416413441300392151e-02
3.308993577957153320e-02 3.393223881721496582e-02
3.300119936466217041e-02 3.367552533745765686e-02
3.297434374690055847e-02 3.386577963829040527e-02
3.288861364126205444e-02 3.373361751437187195e-02
3.294620662927627563e-02 3.368846327066421509e-02
3.309224545955657959e-02 3.398472070693969727e-02
3.310302272439002991e-02 3.383353352546691895e-02
3.313067927956581116e-02 3.392822667956352234e-02
3.311847150325775146e-02 3.374686837196350098e-02
3.336371481418609619e-02 3.458160907030105591e-02
3.315366432070732117e-02 3.400001302361488342e-02
3.317479789257049561e-02 3.410879150032997131e-02
3.313701972365379333e-02 3.391161933541297913e-02
3.312701359391212463e-02 3.386739641427993774e-02
3.311556577682495117e-02 3.373537957668304443e-02
3.327460587024688721e-02 3.485775366425514221e-02
3.251279890537261963e-02 3.259574994444847107e-02
3.070509806275367737e-02 3.300319612026214600e-02
3.373584523797035217e-02 3.745331987738609314e-02
3.450550884008407593e-02 4.356410726904869080e-02
3.401990234851837158e-02 3.934780135750770569e-02
3.368194028735160828e-02 3.607740625739097595e-02
3.402119874954223633e-02 3.991464152932167053e-02
3.507257625460624695e-02 5.028487741947174072e-02
3.357568383216857910e-02 3.682819753885269165e-02
3.331452235579490662e-02 3.461590036749839783e-02
3.320672735571861267e-02 3.360872715711593628e-02
3.278921544551849365e-02 3.064567036926746368e-02
3.248633816838264465e-02 2.849709428846836090e-02
3.230323642492294312e-02 2.782748453319072723e-02
3.202259913086891174e-02 2.650857530534267426e-02
3.165578097105026245e-02 2.320285513997077942e-02
3.144444897770881653e-02 2.374493703246116638e-02
3.205865994095802307e-02 2.540672570466995239e-02
3.243424370884895325e-02 3.002716042101383209e-02
3.270049765706062317e-02 3.206339478492736816e-02
3.277764841914176941e-02 3.305287659168243408e-02
3.314165025949478149e-02 3.414750471711158752e-02
3.315984085202217102e-02 3.421536087989807129e-02
3.308400139212608337e-02 3.366497159004211426e-02
3.314299508929252625e-02 3.396238014101982117e-02
3.310042247176170349e-02 3.397858142852783203e-02
3.310276567935943604e-02 3.392324969172477722e-02
3.307126834988594055e-02 3.374626487493515015e-02
3.306298702955245972e-02 3.366281092166900635e-02
3.249726817011833191e-02 3.054797835648059845e-02
3.312491253018379211e-02 3.391424566507339478e-02
3.312686458230018616e-02 3.386062011122703552e-02
3.313464298844337463e-02 3.384252265095710754e-02
3.313510864973068237e-02 3.399131819605827332e-02
3.310461714863777161e-02 3.383385390043258667e-02
3.313509374856948853e-02 3.396427631378173828e-02
3.312362357974052429e-02 3.391004726290702820e-02
3.311249613761901855e-02 3.370076417922973633e-02
3.309363126754760742e-02 3.372909501194953918e-02
3.305981680750846863e-02 3.394984081387519836e-02
3.303862735629081726e-02 3.400429710745811462e-02
3.242963552474975586e-02 3.529495745897293091e-02
3.292483836412429810e-02 3.370620310306549072e-02
3.299241140484809875e-02 3.402304276823997498e-02
3.304706141352653503e-02 3.382805362343788147e-02
3.310537710785865784e-02 3.404102846980094910e-02
3.311973065137863159e-02 3.386754170060157776e-02
3.315031528472900391e-02 3.400614857673645020e-02
3.321198001503944397e-02 3.433360531926155090e-02
3.319795429706573486e-02 3.433611616492271423e-02
3.324820101261138916e-02 3.443381562829017639e-02
3.329185768961906433e-02 3.445512428879737854e-02
3.334046527743339539e-02 3.438572213053703308e-02
3.440072387456893921e-02 3.628161177039146423e-02
3.335111960768699646e-02 3.456754237413406372e-02
3.335699066519737244e-02 3.469946235418319702e-02
3.333347663283348083e-02 3.436400741338729858e-02
3.333906456828117371e-02 3.455016389489173889e-02
3.344861418008804321e-02 3.481898084282875061e-02
3.355553373694419861e-02 3.474342450499534607e-02
3.340666741132736206e-02 3.479424118995666504e-02
3.323618695139884949e-02 3.474536910653114319e-02
3.336111083626747131e-02 3.598542138934135437e-02
3.309822082519531250e-02 3.429086878895759583e-02
3.307931125164031982e-02 3.428436070680618286e-02
3.317949175834655762e-02 3.732023388147354126e-02
3.307251632213592529e-02 3.445656225085258484e-02
3.313161805272102356e-02 3.450781852006912231e-02
3.318568319082260132e-02 3.473637625575065613e-02
3.318163007497787476e-02 3.448487818241119385e-02
3.324064984917640686e-02 3.465119376778602600e-02
3.321824967861175537e-02 3.459505736827850342e-02
3.323682397603988647e-02 3.480418771505355835e-02
3.328871726989746094e-02 3.528460487723350525e-02
3.333099186420440674e-02 3.597563132643699646e-02
3.314426913857460022e-02 3.556708618998527527e-02
3.130174055695533752e-02 3.101952187716960907e-02
3.871143609285354614e-02 7.464160025119781494e-02
3.452032804489135742e-02 4.444648325443267822e-02
3.465120866894721985e-02 4.587981477379798889e-02
3.483656793832778931e-02 4.746535047888755798e-02
3.571429103612899780e-02 5.400520935654640198e-02
3.418060019612312317e-02 4.737241938710212708e-02
3.514713793992996216e-02 5.012302100658416748e-02
3.341842815279960632e-02 3.606811910867691040e-02
3.317940607666969299e-02 3.410752117633819580e-02
3.291042149066925049e-02 3.211898356676101685e-02
3.271355107426643372e-02 3.065599128603935242e-02
3.245157375931739807e-02 2.868241816759109497e-02
3.257498517632484436e-02 2.788733318448066711e-02
3.193607553839683533e-02 2.620193734765052795e-02
3.224819153547286987e-02 2.880170941352844238e-02
3.254770115017890930e-02 3.061029314994812012e-02
3.242981433868408203e-02 2.964903973042964935e-02
3.164513409137725830e-02 2.884355373680591583e-02
3.280901163816452026e-02 3.229691833257675171e-02
3.289057314395904541e-02 3.203598409891128540e-02
3.290076181292533875e-02 3.208320960402488708e-02
3.286873176693916321e-02 3.197598829865455627e-02
3.272626176476478577e-02 3.128324449062347412e-02
3.261374309659004211e-02 3.063810989260673523e-02
2.977515012025833130e-02 1.241290010511875153e-02
3.240425512194633484e-02 2.884876728057861328e-02
3.236103057861328125e-02 2.818219177424907684e-02
3.261852636933326721e-02 3.054470568895339966e-02
3.278224542737007141e-02 3.124698996543884277e-02
3.280697390437126160e-02 3.120309673249721527e-02
3.281813487410545349e-02 3.115783073008060455e-02
3.275590762495994568e-02 3.058817796409130096e-02
3.265261650085449219e-02 3.000485897064208984e-02
3.256809338927268982e-02 2.948388084769248962e-02
3.256516531109809875e-02 2.956811338663101196e-02
3.257812559604644775e-02 2.974428422749042511e-02
2.794708311557769775e-02 -4.113137722015380859e-03
3.223096951842308044e-02 2.742390707135200500e-02
3.199378401041030884e-02 2.611460909247398376e-02
3.193661943078041077e-02 2.574252337217330933e-02
3.191117569804191589e-02 2.540276013314723969e-02
3.165307641029357910e-02 2.352684363722801208e-02
3.196806088089942932e-02 2.592991851270198822e-02
3.228873386979103088e-02 2.801536768674850464e-02
3.244876861572265625e-02 2.880336716771125793e-02
3.250123932957649231e-02 2.908566221594810486e-02
3.252488747239112854e-02 2.899526618421077728e-02
3.232636675238609314e-02 2.748329564929008484e-02
2.776316367089748383e-02 -6.631087511777877808e-03
3.226837143301963806e-02 2.738108113408088684e-02
3.220803290605545044e-02 2.714477665722370148e-02
3.216679394245147705e-02 2.690953388810157776e-02
3.205619007349014282e-02 2.618560567498207092e-02
3.201572597026824951e-02 2.594828233122825623e-02
3.211999312043190002e-02 2.665743976831436157e-02
3.211113810539245605e-02 2.671634405851364136e-02
3.217499330639839172e-02 2.690598368644714355e-02
3.221108019351959229e-02 2.716651372611522675e-02
3.224901109933853149e-02 2.724314853549003601e-02
3.199447691440582275e-02 2.547338232398033142e-02
2.658502571284770966e-02 -1.446741819381713867e-02
3.202338144183158875e-02 2.586445584893226624e-02
3.208197280764579773e-02 2.621725201606750488e-02
3.186633437871932983e-02 2.459958940744400024e-02
3.185304626822471619e-02 2.432990074157714844e-02
3.215403854846954346e-02 2.671789377927780151e-02
3.235622122883796692e-02 2.820862643420696259e-02
3.183011710643768311e-02 2.445494011044502258e-02
3.211041167378425598e-02 2.659167349338531494e-02
3.191511705517768860e-02 2.535622939467430115e-02
3.202976658940315247e-02 2.607155963778495789e-02
3.150958567857742310e-02 2.217072620987892151e-02
2.609501406550407410e-02 -1.705727353692054749e-02
3.179343789815902710e-02 2.413474023342132568e-02
3.122577257454395294e-02 2.009278908371925354e-02
3.145084902644157410e-02 2.146099880337715149e-02
3.080028481781482697e-02 1.650238595902919769e-02
3.092812374234199524e-02 1.747970469295978546e-02
3.090416826307773590e-02 1.712714880704879761e-02
3.068931773304939270e-02 1.586486026644706726e-02
3.095184080302715302e-02 1.756800338625907898e-02
3.152998909354209900e-02 2.144964598119258881e-02
3.105338662862777710e-02 1.826358959078788757e-02
3.072010912001132965e-02 1.601760089397430420e-02
2.632382325828075409e-02 -1.666714251041412354e-02
3.159502893686294556e-02 2.251624315977096558e-02
2.995858900249004364e-02 1.023532822728157043e-02
3.051016852259635925e-02 1.394491270184516907e-02
3.088808804750442505e-02 1.698832400143146515e-02
3.079504519701004028e-02 1.648201607167720795e-02
3.156300634145736694e-02 2.212647721171379089e-02
3.108608722686767578e-02 1.902628317475318909e-02
3.292060643434524536e-02 3.217802569270133972e-02
3.240925446152687073e-02 2.863895334303379059e-02
3.113694489002227783e-02 1.989367231726646423e-02
3.255668282508850098e-02 2.974394336342811584e-02
2.897222340106964111e-02 4.370227456092834473e-03
3.236484155058860779e-02 2.877005189657211304e-02
3.170691803097724915e-02 2.373283356428146362e-02
3.167954087257385254e-02 2.365120314061641693e-02
3.134841844439506531e-02 2.093873918056488037e-02
3.131758794188499451e-02 2.081860415637493134e-02
3.098713420331478119e-02 1.735829934477806091e-02
3.149416297674179077e-02 2.241218462586402893e-02
3.153619542717933655e-02 2.259287983179092407e-02
3.069885633885860443e-02 1.633484847843647003e-02
3.199541568756103516e-02 2.524712122976779938e-02
3.189212083816528320e-02 2.530483901500701904e-02
3.024630062282085419e-02 1.312223263084888458e-02
3.209829330444335938e-02 2.774929627776145935e-02
3.221086785197257996e-02 2.664416283369064331e-02
3.229743242263793945e-02 2.694877982139587402e-02
3.215902671217918396e-02 2.620899304747581482e-02
3.198526427149772644e-02 2.610735222697257996e-02
3.158498182892799377e-02 2.477836608886718750e-02
3.152046725153923035e-02 2.395142242312431335e-02
3.136031329631805420e-02 2.221094816923141479e-02
3.213938698172569275e-02 2.770084701478481293e-02
3.272939845919609070e-02 3.102975897490978241e-02
3.285197541117668152e-02 3.081520646810531616e-02
3.228724002838134766e-02 2.275336533784866333e-02
3.301431238651275635e-02 3.092882968485355377e-02
3.310679644346237183e-02 2.989496663212776184e-02
3.282017260789871216e-02 2.855121716856956482e-02
3.266859427094459534e-02 2.933506295084953308e-02
3.275928273797035217e-02 3.014288470149040222e-02
3.255896270275115967e-02 2.898318320512771606e-02
3.254752606153488159e-02 2.869711257517337799e-02
3.244604542851448059e-02 2.799777127802371979e-02
3.230543807148933411e-02 2.655398845672607422e-02
3.239227086305618286e-02 2.672671899199485779e-02
3.239177539944648743e-02 2.630315721035003662e-02
3.199382871389389038e-02 2.151466347277164459e-02
3.246495127677917480e-02 2.677827887237071991e-02
3.253877162933349609e-02 2.782202325761318207e-02
3.256817162036895752e-02 2.854303270578384399e-02
3.269892185926437378e-02 2.988146618008613586e-02
3.286307677626609802e-02 3.108791261911392212e-02
3.309983387589454651e-02 3.246938437223434448e-02
3.335758671164512634e-02 3.431436046957969666e-02
3.361893072724342346e-02 3.594592958688735962e-02
3.386496379971504211e-02 3.720026090741157532e-02
3.453298658132553101e-02 4.266761988401412964e-02
3.652694076299667358e-02 5.796013027429580688e-02
3.684107214212417603e-02 5.974821373820304871e-02
3.873859718441963196e-02 7.238589227199554443e-02
4.030147939920425415e-02 8.268919587135314941e-02
4.109728336334228516e-02 8.750152587890625000e-02
3.987782821059226990e-02 8.137616515159606934e-02
3.651164472103118896e-02 5.760135501623153687e-02
3.747835010290145874e-02 6.431161612272262573e-02
3.393199294805526733e-02 3.848098963499069214e-02
3.628531098365783691e-02 5.505524575710296631e-02
3.394222632050514221e-02 4.010608047246932983e-02
3.409844636917114258e-02 3.980767354369163513e-02
3.488403186202049255e-02 4.567509889602661133e-02
3.361551463603973389e-02 3.310657665133476257e-02
3.311318159103393555e-02 3.379201516509056091e-02
3.289743885397911072e-02 3.300586342811584473e-02
3.302468359470367432e-02 3.460080176591873169e-02
3.277984261512756348e-02 3.244533389806747437e-02
3.267566859722137451e-02 3.114401735365390778e-02
3.283275663852691650e-02 3.083842247724533081e-02
3.296284750103950500e-02 3.139257803559303284e-02
3.295467048883438110e-02 3.056690096855163574e-02
3.309067711234092712e-02 3.158640861511230469e-02
3.344672173261642456e-02 3.414763510227203369e-02
3.413581103086471558e-02 3.899341821670532227e-02
3.448534011840820312e-02 3.754554316401481628e-02
3.330925852060317993e-02 3.183233365416526794e-02
3.257788345217704773e-02 2.658073976635932922e-02
3.248408436775207520e-02 2.719876915216445923e-02
3.246463090181350708e-02 2.742693200707435608e-02
3.247614949941635132e-02 2.702080272138118744e-02
3.244283795356750488e-02 2.608246542513370514e-02
3.246355429291725159e-02 2.603081613779067993e-02
3.237289190292358398e-02 2.539547160267829895e-02
3.247236087918281555e-02 2.701406739652156830e-02
3.249141946434974670e-02 2.729007601737976074e-02
3.265264257788658142e-02 2.873867005109786987e-02
3.596075624227523804e-02 5.281997099518775940e-02
3.249346092343330383e-02 2.797491662204265594e-02
3.429328650236129761e-02 3.805203735828399658e-02
3.433638066053390503e-02 3.983954340219497681e-02
3.442725539207458496e-02 4.270390793681144714e-02
3.437695652246475220e-02 4.308359697461128235e-02
3.397623077034950256e-02 4.034369811415672302e-02
3.385110571980476379e-02 3.942282870411872864e-02
3.353510424494743347e-02 3.726664185523986816e-02
3.307729959487915039e-02 3.368894383311271667e-02
3.294339030981063843e-02 3.316232934594154358e-02
3.279687464237213135e-02 3.211603686213493347e-02
3.191350400447845459e-02 2.640257403254508972e-02
3.232486173510551453e-02 2.795681729912757874e-02
3.243325650691986084e-02 2.871930971741676331e-02
3.215457499027252197e-02 2.660471946001052856e-02
3.141947090625762939e-02 2.168581075966358185e-02
3.163232654333114624e-02 2.433313056826591492e-02
3.233181312680244446e-02 2.974396385252475739e-02
3.252671286463737488e-02 3.180515766143798828e-02
3.084988147020339966e-02 2.841522544622421265e-02
3.273813799023628235e-02 3.217995911836624146e-02
3.274781256914138794e-02 3.108319453895092010e-02
3.308053314685821533e-02 3.307594358921051025e-02
3.396292403340339661e-02 3.824494034051895142e-02
3.312979266047477722e-02 3.382389619946479797e-02
3.311124444007873535e-02 3.383724018931388855e-02
3.307577595114707947e-02 3.361209109425544739e-02
3.310646116733551025e-02 3.376705572009086609e-02
3.305941075086593628e-02 3.347587585449218750e-02
3.310339897871017456e-02 3.376921266317367554e-02
3.315912559628486633e-02 3.394245728850364685e-02
3.317611292004585266e-02 3.377697989344596863e-02
3.328306227922439575e-02 3.398198261857032776e-02
3.331878036260604858e-02 3.387519344687461853e-02
3.333485126495361328e-02 3.402909263968467712e-02
3.369911760091781616e-02 3.639267385005950928e-02
3.308392688632011414e-02 3.338266909122467041e-02
3.296827152371406555e-02 3.307277336716651917e-02
3.288564085960388184e-02 3.290896117687225342e-02
3.295622020959854126e-02 3.296931460499763489e-02
3.303372859954833984e-02 3.310461714863777161e-02
3.301577642560005188e-02 3.264600038528442383e-02
3.289917111396789551e-02 3.187396377325057983e-02
3.289123624563217163e-02 3.183023259043693542e-02
3.287961333990097046e-02 3.134850040078163147e-02
3.283540159463882446e-02 3.104519285261631012e-02
3.276655077934265137e-02 3.034145571291446686e-02
3.263433650135993958e-02 2.918588742613792419e-02
3.261829540133476257e-02 2.904677763581275940e-02
3.266800940036773682e-02 2.878454327583312988e-02
3.284810110926628113e-02 2.957641333341598511e-02
3.283817693591117859e-02 2.898944914340972900e-02
3.286974504590034485e-02 2.898588031530380249e-02
3.277663514018058777e-02 2.870482206344604492e-02
3.282012045383453369e-02 2.947478741407394409e-02
3.247080743312835693e-02 2.777826040983200073e-02
3.241644427180290222e-02 2.834066748619079590e-02
3.240978345274925232e-02 2.938541956245899200e-02
3.212124854326248169e-02 2.829489856958389282e-02
3.180851787328720093e-02 2.754013240337371826e-02
3.253604099154472351e-02 2.934603765606880188e-02
3.260211274027824402e-02 2.954639494419097900e-02
3.266485780477523804e-02 2.971878461539745331e-02
3.293685987591743469e-02 3.290180489420890808e-02
3.296470642089843750e-02 3.307294100522994995e-02
3.305262699723243713e-02 3.344818949699401855e-02
3.307335823774337769e-02 3.314256668090820312e-02
3.310523927211761475e-02 3.332697227597236633e-02
3.313539922237396240e-02 3.327694907784461975e-02
3.315572440624237061e-02 3.371290490031242371e-02
3.301864117383956909e-02 3.318241611123085022e-02
3.265750408172607422e-02 3.250591456890106201e-02
3.298919647932052612e-02 3.307019546627998352e-02
3.302948549389839172e-02 3.294443711638450623e-02
3.303478285670280457e-02 3.287838026881217957e-02
3.317192196846008301e-02 3.301149234175682068e-02
3.318255394697189331e-02 3.265682235360145569e-02
3.308141231536865234e-02 3.264412656426429749e-02
3.296613693237304688e-02 3.250576928257942200e-02
3.294419869780540466e-02 3.255220502614974976e-02
3.290132060647010803e-02 3.181073442101478577e-02
3.298027440905570984e-02 3.209139779210090637e-02
3.296179696917533875e-02 3.146870806813240051e-02
3.389423713088035583e-02 3.586276993155479431e-02
3.279902413487434387e-02 2.964526973664760590e-02
3.291780874133110046e-02 3.019742295145988464e-02
3.161829337477684021e-02 2.333676815032958984e-02
3.228336572647094727e-02 3.294400498270988464e-02
3.295255452394485474e-02 3.067787364125251770e-02
3.393144160509109497e-02 3.727352246642112732e-02
3.294023498892784119e-02 2.994378283619880676e-02
3.373628854751586914e-02 3.674564883112907410e-02
3.293449059128761292e-02 2.994794212281703949e-02
3.328255191445350647e-02 3.320253267884254456e-02
3.282519429922103882e-02 2.962569147348403931e-02
3.240575268864631653e-02 2.544216066598892212e-02
3.227826952934265137e-02 2.526720240712165833e-02
3.246529772877693176e-02 2.656463347375392914e-02
3.206599876284599304e-02 2.362139523029327393e-02
3.216617181897163391e-02 2.479516156017780304e-02
3.281865268945693970e-02 2.958847209811210632e-02
3.193495795130729675e-02 2.558358386158943176e-02
3.256342187523841858e-02 3.029225580394268036e-02
3.239154815673828125e-02 3.006245940923690796e-02
3.269595280289649963e-02 3.156083822250366211e-02
3.246697410941123962e-02 3.199440613389015198e-02
3.249797224998474121e-02 3.215537220239639282e-02
3.275031596422195435e-02 3.684502467513084412e-02
3.234971314668655396e-02 3.189853578805923462e-02
3.185776248574256897e-02 3.048550710082054138e-02
3.232485428452491760e-02 3.174021840095520020e-02
3.276021406054496765e-02 3.276187554001808167e-02
3.293640911579132080e-02 3.231792151927947998e-02
3.313172236084938049e-02 3.295939043164253235e-02
3.325282409787178040e-02 3.301161900162696838e-02
3.332370147109031677e-02 3.304408490657806396e-02
3.321842476725578308e-02 3.136784210801124573e-02
3.342073410749435425e-02 3.320716693997383118e-02
3.351753577589988708e-02 3.392378240823745728e-02
3.361473232507705688e-02 3.298959136009216309e-02
3.389253467321395874e-02 3.624355420470237732e-02
3.454305976629257202e-02 4.114580154418945312e-02
3.636160865426063538e-02 5.325879901647567749e-02
4.025918617844581604e-02 7.613617181777954102e-02
4.299048706889152527e-02 9.463527798652648926e-02
3.286147490143775940e-02 2.997731976211071014e-02
3.249992057681083679e-02 2.759574726223945618e-02
3.266368061304092407e-02 2.895648218691349030e-02
3.281751275062561035e-02 3.039895184338092804e-02
3.246900066733360291e-02 2.822297066450119019e-02
3.468292206525802612e-02 4.493866115808486938e-02
4.000610113143920898e-02 7.467452436685562134e-02
3.938600048422813416e-02 7.625168561935424805e-02
3.345939889550209045e-02 3.486447781324386597e-02
3.276363015174865723e-02 3.035858646035194397e-02
3.297141194343566895e-02 3.278314694762229919e-02
3.301607817411422729e-02 3.281489014625549316e-02
3.307753801345825195e-02 3.305953741073608398e-02
3.302488476037979126e-02 3.277769684791564941e-02
3.304585069417953491e-02 3.289340808987617493e-02
3.302780166268348694e-02 3.262205421924591064e-02
3.293473646044731140e-02 3.226733580231666565e-02
3.294864296913146973e-02 3.214050084352493286e-02
3.288703411817550659e-02 3.069487400352954865e-02
3.294248506426811218e-02 3.205435350537300110e-02
3.290759027004241943e-02 3.166222572326660156e-02
3.288990631699562073e-02 3.141860291361808777e-02
3.286868333816528320e-02 3.111686557531356812e-02
3.272823244333267212e-02 3.030448034405708313e-02
3.269288688898086548e-02 2.987860515713691711e-02
3.268657997250556946e-02 2.985497564077377319e-02
3.252714872360229492e-02 2.813645638525485992e-02
3.228542208671569824e-02 2.619688585400581360e-02
3.215519711375236511e-02 2.418866008520126343e-02
3.233423084020614624e-02 2.706044539809226990e-02
3.227765113115310669e-02 2.635847590863704681e-02
3.256572782993316650e-02 2.785947546362876892e-02
3.256798535585403442e-02 2.791950292885303497e-02
3.249452263116836548e-02 2.740584872663021088e-02
3.254279494285583496e-02 2.766795828938484192e-02
3.257336840033531189e-02 2.780070155858993530e-02
3.269211947917938232e-02 2.893889881670475006e-02
3.257057443261146545e-02 2.837542258203029633e-02
3.252759203314781189e-02 2.794623374938964844e-02
3.270471096038818359e-02 2.984412014484405518e-02
3.265308216214179993e-02 2.979156374931335449e-02
3.263421356678009033e-02 2.967258542776107788e-02
3.285272791981697083e-02 3.187093138694763184e-02
3.277576714754104614e-02 3.078926168382167816e-02
3.276032209396362305e-02 3.083603456616401672e-02
3.292215242981910706e-02 3.223790228366851807e-02
3.295769542455673218e-02 3.251882642507553101e-02
3.296005353331565857e-02 3.247523680329322815e-02
3.296683728694915771e-02 3.246589750051498413e-02
3.305101022124290466e-02 3.305779024958610535e-02
3.304408118128776550e-02 3.292201831936836243e-02
3.301474452018737793e-02 3.265270218253135681e-02
3.298833966255187988e-02 3.226235136389732361e-02
3.297547623515129089e-02 3.228173032402992249e-02
3.336650505661964417e-02 3.331253305077552795e-02
3.290865570306777954e-02 3.189687803387641907e-02
3.297325968742370605e-02 3.229387477040290833e-02
3.291201591491699219e-02 3.219142556190490723e-02
3.283162415027618408e-02 3.175708279013633728e-02
3.283249586820602417e-02 3.185683116316795349e-02
3.281661123037338257e-02 3.182012215256690979e-02
3.278899937868118286e-02 3.154324740171432495e-02
3.269696608185768127e-02 3.114982694387435913e-02
3.271866589784622192e-02 3.136884048581123352e-02
3.261683136224746704e-02 3.103842213749885559e-02
3.272590041160583496e-02 3.137212619185447693e-02
3.202836588025093079e-02 2.739277854561805725e-02
3.287403658032417297e-02 3.274559974670410156e-02
3.391116112470626831e-02 4.070546105504035950e-02
3.332898765802383423e-02 3.581500425934791565e-02
3.320521488785743713e-02 3.542602062225341797e-02
3.390686959028244019e-02 3.998846560716629028e-02
3.444804623723030090e-02 4.340298101305961609e-02
3.275093436241149902e-02 3.028799034655094147e-02
3.513805195689201355e-02 4.814980924129486084e-02
3.269767761230468750e-02 3.006052970886230469e-02
3.269960731267929077e-02 3.047211468219757080e-02
3.261172771453857422e-02 2.994515560567378998e-02
3.246734663844108582e-02 2.794552408158779144e-02
3.253775462508201599e-02 2.976474910974502563e-02
3.272675350308418274e-02 3.093910217285156250e-02
3.264960274100303650e-02 3.022545762360095978e-02
3.282524645328521729e-02 3.134200721979141235e-02
3.279725834727287292e-02 3.074287809431552887e-02
3.279638662934303284e-02 3.043303266167640686e-02
3.272710740566253662e-02 3.193068876862525940e-02
3.299125656485557556e-02 3.234176710247993469e-02
3.303678333759307861e-02 3.249443694949150085e-02
3.299717605113983154e-02 3.232837840914726257e-02
3.356188535690307617e-02 3.726301342248916626e-02
3.939262032508850098e-02 8.161225169897079468e-02
3.609471395611763000e-02 5.551077425479888916e-02
3.319224715232849121e-02 3.348806872963905334e-02
3.211198374629020691e-02 2.711573243141174316e-02
3.076958283782005310e-02 2.440519630908966064e-02
3.323388472199440002e-02 3.177627548575401306e-02
3.317010402679443359e-02 3.086460381746292114e-02
3.242024034261703491e-02 2.657599933445453644e-02
3.399904072284698486e-02 3.851991146802902222e-02
3.310482203960418701e-02 3.188784420490264893e-02
3.345676511526107788e-02 3.452846780419349670e-02
3.307192027568817139e-02 3.244389966130256653e-02
3.286120668053627014e-02 2.956152707338333130e-02
3.252323344349861145e-02 2.740068174898624420e-02
3.235827013850212097e-02 2.643578685820102692e-02
3.204507753252983093e-02 2.422256022691726685e-02
3.245475515723228455e-02 2.864404395222663879e-02
3.278502449393272400e-02 3.138550370931625366e-02
3.243811801075935364e-02 3.093924373388290405e-02
3.217919543385505676e-02 2.840175479650497437e-02
3.259326517581939697e-02 3.039008006453514099e-02
3.262411803007125854e-02 2.985003031790256500e-02
3.072173334658145905e-02 3.117648512125015259e-02
3.268596529960632324e-02 3.215762227773666382e-02
3.310500085353851318e-02 3.215691447257995605e-02
3.289742767810821533e-02 3.126644715666770935e-02
3.302494063973426819e-02 3.254034742712974548e-02
3.300981596112251282e-02 3.141151368618011475e-02
3.301122784614562988e-02 3.107418678700923920e-02
3.327234461903572083e-02 3.374178335070610046e-02
3.327384218573570251e-02 3.440948575735092163e-02
3.407323732972145081e-02 4.193975403904914856e-02
3.440941497683525085e-02 4.404385387897491455e-02
3.467560559511184692e-02 4.475107043981552124e-02
3.223577886819839478e-02 2.636167779564857483e-02
3.212463110685348511e-02 2.586565352976322174e-02
3.194614499807357788e-02 2.547520399093627930e-02
3.218977525830268860e-02 2.606643177568912506e-02
3.221843019127845764e-02 2.620393596589565277e-02
3.210605308413505554e-02 2.535692974925041199e-02
3.201275318861007690e-02 2.480739541351795197e-02
3.201970458030700684e-02 2.489445358514785767e-02
3.209692984819412231e-02 2.481700479984283447e-02
3.217107802629470825e-02 2.546387352049350739e-02
3.222100064158439636e-02 2.523265779018402100e-02
3.243497014045715332e-02 2.656370215117931366e-02
3.240323811769485474e-02 2.637707255780696869e-02
3.238163515925407410e-02 2.649073489010334015e-02
nan nan
