3.265499696135520935e-02 2.977530471980571747e-02
3.176702186465263367e-02 2.512289211153984070e-02
3.223435208201408386e-02 2.845432236790657043e-02
3.296092897653579712e-02 3.282612189650535583e-02
3.301082924008369446e-02 3.256400674581527710e-02
3.322458639740943909e-02 3.400042280554771423e-02
3.293649852275848389e-02 3.264798596501350403e-02
3.325225412845611572e-02 3.426512330770492554e-02
3.316664695739746094e-02 3.417916968464851379e-02
3.319477662444114685e-02 3.418042138218879700e-02
3.315151855349540710e-02 3.420249745249748230e-02
3.277991339564323425e-02 3.249128907918930054e-02
3.313045203685760498e-02 3.393661603331565857e-02
3.307657316327095032e-02 3.350830450654029846e-02
3.299755230545997620e-02 3.318256139755249023e-02
3.317287191748619080e-02 3.417770937085151672e-02
3.317167982459068298e-02 3.423422574996948242e-02
3.308892622590065002e-02 3.369423374533653259e-02
3.316270932555198669e-02 3.402137756347656250e-02
3.303361684083938599e-02 3.313150256872177124e-02
3.312837705016136169e-02 3.375614061951637268e-02
3.311252593994140625e-02 3.330917283892631531e-02
3.307856246829032898e-02 3.227321058511734009e-02
3.355698660016059875e-02 3.573245555162429810e-02
3.295696154236793518e-02 3.069513663649559021e-02
3.326458856463432312e-02 3.293736279010772705e-02
3.305783867835998535e-02 3.226166218519210815e-02
3.324643895030021667e-02 3.293123468756675720e-02
3.310855850577354431e-02 3.180377557873725891e-02
3.318164497613906860e-02 3.220538049936294556e-02
3.328822180628776550e-02 3.305415809154510498e-02
3.319395333528518677e-02 3.224607557058334351e-02
3.316549211740493774e-02 3.305146843194961548e-02
3.321487829089164734e-02 3.302948549389839172e-02
3.306975215673446655e-02 3.205798193812370300e-02
3.317162394523620605e-02 3.134976699948310852e-02
3.315596282482147217e-02 3.382378816604614258e-02
3.326003253459930420e-02 3.440863639116287231e-02
3.262942656874656677e-02 3.020976856350898743e-02
3.188417851924896240e-02 2.257239073514938354e-02
3.255032002925872803e-02 2.951926738023757935e-02
3.295948356389999390e-02 3.225269168615341187e-02
3.301449120044708252e-02 3.272385522723197937e-02
3.277850151062011719e-02 3.078759461641311646e-02
3.263255953788757324e-02 2.970354259014129639e-02
3.317040205001831055e-02 3.362198546528816223e-02
3.222604095935821533e-02 2.564317360520362854e-02
3.341141343116760254e-02 3.615730255842208862e-02
3.315756469964981079e-02 3.420280292630195618e-02
3.318166360259056091e-02 3.396029770374298096e-02
3.320980072021484375e-02 3.419398143887519836e-02
3.319611027836799622e-02 3.437862545251846313e-02
3.315820172429084778e-02 3.391827642917633057e-02
3.325865417718887329e-02 3.464384749531745911e-02
3.315883874893188477e-02 3.398884087800979614e-02
3.328732028603553772e-02 3.468164429068565369e-02
3.326268121600151062e-02 3.472858667373657227e-02
3.357108309864997864e-02 3.579192981123924255e-02
3.351061791181564331e-02 3.499660640954971313e-02
3.449212387204170227e-02 4.041631519794464111e-02
3.357547894120216370e-02 3.547447174787521362e-02
3.343002125620841980e-02 3.433391079306602478e-02
3.337666764855384827e-02 3.417359665036201477e-02
3.351078927516937256e-02 3.507412970066070557e-02
3.341484069824218750e-02 3.460955992341041565e-02
3.352497518062591553e-02 3.499218076467514038e-02
3.350638598203659058e-02 3.500904887914657593e-02
3.347518667578697205e-02 3.503731638193130493e-02
3.354582563042640686e-02 3.553592413663864136e-02
3.341866284608840942e-02 3.426912799477577209e-02
3.332864865660667419e-02 3.401589021086692810e-02
3.368849307298660278e-02 3.448966890573501587e-02
3.314146399497985840e-02 3.297453373670578003e-02
3.318253532052040100e-02 3.346267715096473694e-02
3.321981802582740784e-02 3.396262973546981812e-02
3.339005261659622192e-02 3.514088317751884460e-02
3.260287269949913025e-02 2.865135110914707184e-02
3.020776621997356415e-02 9.770523756742477417e-03
3.293166309595108032e-02 3.171382844448089600e-02
3.295537829399108887e-02 3.242539241909980774e-02
3.289816528558731079e-02 3.197762370109558105e-02
3.273368999361991882e-02 3.057267330586910248e-02
3.256361186504364014e-02 2.893111854791641235e-02
3.104897402226924896e-02 1.649262942373752594e-02
3.143807500600814819e-02 1.858265697956085205e-02
3.291375562548637390e-02 3.255784511566162109e-02
3.286536410450935364e-02 3.197455033659934998e-02
3.273820132017135620e-02 3.103765286505222321e-02
3.268513083457946777e-02 3.042108751833438873e-02
3.267506510019302368e-02 3.023696132004261017e-02
3.249324858188629150e-02 2.886594086885452271e-02
3.250894695520401001e-02 2.889284677803516388e-02
3.249740228056907654e-02 2.900407463312149048e-02
3.237801045179367065e-02 2.835977077484130859e-02
3.244048357009887695e-02 2.836314216256141663e-02
3.182376176118850708e-02 2.168104052543640137e-02
3.235671296715736389e-02 2.741617523133754730e-02
3.267664089798927307e-02 2.942710742354393005e-02
3.262677416205406189e-02 2.933347225189208984e-02
3.234453871846199036e-02 2.620932832360267639e-02
3.232316672801971436e-02 2.464729733765125275e-02
3.222487121820449829e-02 2.373526245355606079e-02
3.240132331848144531e-02 2.438154816627502441e-02
3.168877959251403809e-02 1.905995234847068787e-02
3.187093883752822876e-02 2.107190899550914764e-02
3.169299289584159851e-02 2.092545852065086365e-02
3.157199546694755554e-02 1.989049464464187622e-02
3.160349279642105103e-02 1.894252747297286987e-02
3.230794519186019897e-02 2.674954384565353394e-02
3.190252929925918579e-02 2.322622388601303101e-02
3.185763210058212280e-02 2.295732311904430389e-02
3.197808191180229187e-02 2.501335926353931427e-02
3.232399001717567444e-02 2.769262157380580902e-02
3.213845193386077881e-02 2.713060751557350159e-02
3.222041949629783630e-02 2.717048674821853638e-02
3.122171573340892792e-02 1.998605951666831970e-02
3.220026567578315735e-02 2.683351933956146240e-02
3.274335712194442749e-02 3.064076229929924011e-02
3.241012617945671082e-02 2.831556275486946106e-02
3.161836788058280945e-02 2.223340794444084167e-02
3.227769583463668823e-02 2.835154905915260315e-02
3.230863064527511597e-02 2.704957500100135803e-02
3.255095705389976501e-02 2.937500178813934326e-02
3.265902027487754822e-02 2.982818335294723511e-02
3.275197371840476990e-02 3.049467131495475769e-02
3.260893374681472778e-02 2.983448840677738190e-02
3.266525268554687500e-02 3.009315952658653259e-02
3.285465016961097717e-02 3.140032663941383362e-02
3.262574598193168640e-02 2.960080280900001526e-02
3.258534520864486694e-02 2.892586961388587952e-02
3.232749551534652710e-02 2.703043259680271149e-02
3.195248916745185852e-02 2.029877156019210815e-02
3.243001177906990051e-02 2.750748209655284882e-02
3.240248560905456543e-02 2.661279216408729553e-02
3.155792877078056335e-02 1.951443403959274292e-02
3.131365403532981873e-02 1.747409999370574951e-02
3.265541046857833862e-02 2.836958691477775574e-02
3.141129389405250549e-02 1.925105229020118713e-02
3.155828267335891724e-02 1.879769563674926758e-02
3.234428167343139648e-02 2.697531878948211670e-02
3.226202353835105896e-02 2.640130370855331421e-02
3.241078183054924011e-02 2.743528224527835846e-02
3.279693797230720520e-02 2.949896454811096191e-02
3.277849033474922180e-02 2.699899300932884216e-02
3.260703384876251221e-02 2.857869490981101990e-02
3.205421566963195801e-02 2.278195321559906006e-02
3.218854963779449463e-02 2.374461665749549866e-02
3.218691051006317139e-02 2.395245805382728577e-02
3.259259089827537537e-02 2.754107490181922913e-02
3.199861198663711548e-02 2.440738305449485779e-02
3.139663115143775940e-02 2.010672912001609802e-02
3.181726112961769104e-02 2.315488085150718689e-02
3.234081342816352844e-02 2.708869054913520813e-02
3.140522539615631104e-02 1.841418072581291199e-02
3.208843991160392761e-02 2.345797047019004822e-02
3.179421648383140564e-02 2.301108092069625854e-02
2.999543026089668274e-02 1.103530451655387878e-02
3.150936216115951538e-02 2.090484276413917542e-02
3.191607072949409485e-02 2.443928644061088562e-02
3.217827528715133667e-02 2.621560916304588318e-02
3.180965781211853027e-02 2.227696403861045837e-02
3.200875967741012573e-02 2.349931932985782623e-02
3.183535113930702209e-02 2.157983742654323578e-02
3.167524561285972595e-02 2.050576731562614441e-02
3.287176787853240967e-02 3.094826079905033112e-02
3.185275942087173462e-02 2.269722335040569305e-02
3.300163894891738892e-02 3.339463844895362854e-02
3.128352388739585876e-02 1.592515036463737488e-02
3.304279968142509460e-02 3.313083201646804810e-02
3.299912810325622559e-02 3.287200629711151123e-02
3.301695734262466431e-02 3.279173001646995544e-02
3.299911320209503174e-02 3.288860991597175598e-02
3.287851437926292419e-02 3.138300031423568726e-02
3.194563090801239014e-02 2.518365532159805298e-02
3.298601880669593811e-02 3.290900588035583496e-02
3.272274881601333618e-02 3.048841282725334167e-02
3.260989114642143250e-02 2.953561395406723022e-02
3.312570601701736450e-02 3.448454663157463074e-02
3.355696424841880798e-02 3.564617037773132324e-02
3.402793407440185547e-02 3.683934360742568970e-02
3.312687948346138000e-02 3.492757678031921387e-02
3.354316577315330505e-02 3.407325968146324158e-02
3.329914808273315430e-02 3.427067771553993225e-02
3.318324685096740723e-02 3.288084641098976135e-02
3.341349586844444275e-02 3.426827862858772278e-02
3.341797366738319397e-02 3.399671614170074463e-02
3.334747627377510071e-02 3.315531089901924133e-02
3.345076739788055420e-02 3.311219438910484314e-02
3.294745832681655884e-02 2.921068109571933746e-02
3.315876051783561707e-02 3.028447553515434265e-02
3.296718373894691467e-02 3.017678298056125641e-02
3.179940953850746155e-02 2.010388486087322235e-02
3.258914873003959656e-02 2.890608832240104675e-02
3.090531378984451294e-02 1.541811041533946991e-02
3.252299502491950989e-02 2.708251774311065674e-02
3.288847208023071289e-02 3.034404292702674866e-02
3.269124031066894531e-02 2.746245265007019043e-02
3.237469121813774109e-02 2.533170953392982483e-02
3.232029080390930176e-02 2.528494782745838165e-02
3.239812329411506653e-02 2.679409086704254150e-02
3.126513585448265076e-02 1.750866882503032684e-02
3.172451257705688477e-02 1.991977356374263763e-02
3.090128675103187561e-02 1.529911160469055176e-02
3.154531121253967285e-02 1.920803263783454895e-02
3.057891130447387695e-02 1.567164994776248932e-02
3.136340156197547913e-02 2.167458273470401764e-02
3.149922937154769897e-02 2.176780812442302704e-02
3.204101696610450745e-02 2.533764019608497620e-02
3.245471045374870300e-02 2.868082746863365173e-02
3.237771242856979370e-02 2.828574739396572113e-02
3.239056095480918884e-02 2.809279970824718475e-02
3.530697897076606750e-02 5.088701844215393066e-02
3.531962633132934570e-02 4.963447898626327515e-02
3.242555260658264160e-02 2.945282869040966034e-02
3.237662464380264282e-02 2.833637967705726624e-02
3.314123302698135376e-02 3.465494140982627869e-02
3.318607807159423828e-02 3.468430042266845703e-02
3.309611976146697998e-02 3.396549075841903687e-02
3.323134034872055054e-02 3.449624031782150269e-02
3.314937278628349304e-02 3.444615751504898071e-02
3.370609879493713379e-02 4.074118286371231079e-02
3.340153768658638000e-02 3.526955842971801758e-02
3.292928263545036316e-02 3.340553119778633118e-02
3.274074569344520569e-02 3.164824098348617554e-02
3.314386680722236633e-02 3.564637154340744019e-02
3.288249298930168152e-02 3.233435377478599548e-02
3.306382521986961365e-02 3.372451663017272949e-02
3.361617401242256165e-02 3.681487590074539185e-02
3.305919095873832703e-02 3.333539143204689026e-02
3.308147564530372620e-02 3.343548998236656189e-02
3.339211270213127136e-02 3.638382256031036377e-02
3.302528709173202515e-02 3.316693380475044250e-02
3.294361382722854614e-02 3.235954418778419495e-02
3.302408009767532349e-02 3.284425288438796997e-02
3.313214704394340515e-02 3.343401104211807251e-02
3.297182917594909668e-02 3.224928677082061768e-02
3.299970552325248718e-02 3.249895945191383362e-02
3.311916440725326538e-02 3.235720470547676086e-02
3.306011110544204712e-02 3.218549117445945740e-02
3.333386033773422241e-02 3.192698583006858826e-02
3.307115286588668823e-02 3.275584802031517029e-02
3.309334814548492432e-02 3.231161460280418396e-02
3.301416710019111633e-02 3.210948780179023743e-02
3.292807191610336304e-02 3.154438734054565430e-02
3.291181847453117371e-02 3.128502145409584045e-02
3.263216465711593628e-02 3.027862124145030975e-02
3.266764059662818909e-02 2.990947291254997253e-02
3.258004039525985718e-02 2.981570921838283539e-02
3.232090920209884644e-02 2.762709558010101318e-02
3.262203186750411987e-02 2.994422614574432373e-02
3.074914216995239258e-02 1.736816763877868652e-02
3.130615130066871643e-02 1.942315883934497833e-02
3.264063596725463867e-02 2.867320924997329712e-02
3.258867934346199036e-02 2.830162458121776581e-02
3.253478929400444031e-02 2.761162258684635162e-02
3.219748288393020630e-02 2.501924708485603333e-02
3.212220966815948486e-02 2.680696733295917511e-02
3.227561339735984802e-02 2.619270794093608856e-02
3.250425308942794800e-02 2.871618233621120453e-02
3.238348662853240967e-02 2.843269333243370056e-02
3.266935795545578003e-02 3.030677512288093567e-02
3.241879865527153015e-02 2.783873677253723145e-02
3.227470442652702332e-02 2.790373563766479492e-02
3.139511123299598694e-02 2.140622958540916443e-02
3.198179602622985840e-02 2.558039128780364990e-02
3.255057334899902344e-02 2.921641245484352112e-02
3.270249068737030029e-02 3.052917309105396271e-02
3.307964652776718140e-02 3.337917476892471313e-02
3.308439254760742188e-02 3.366941213607788086e-02
3.297421336174011230e-02 3.327138349413871765e-02
3.308664634823799133e-02 3.374876454472541809e-02
3.313795849680900574e-02 3.414351493120193481e-02
3.311977162957191467e-02 3.394296392798423767e-02
3.314280509948730469e-02 3.377785161137580872e-02
3.305787220597267151e-02 3.293603286147117615e-02
3.363966196775436401e-02 3.630707785487174988e-02
3.325842693448066711e-02 3.440782800316810608e-02
3.318151831626892090e-02 3.366958722472190857e-02
3.305355459451675415e-02 3.261741623282432556e-02
3.299808502197265625e-02 3.228520974516868591e-02
3.310985490679740906e-02 3.319995105266571045e-02
3.309002518653869629e-02 3.225747868418693542e-02
3.328869864344596863e-02 3.363062441349029541e-02
3.323027864098548889e-02 3.335442766547203064e-02
3.320137038826942444e-02 3.337418660521507263e-02
3.323806822299957275e-02 3.334723412990570068e-02
3.308147564530372620e-02 3.290040791034698486e-02
3.285578638315200806e-02 2.939739264547824860e-02
3.315474092960357666e-02 3.343536704778671265e-02
3.302015364170074463e-02 3.199009969830513000e-02
3.331259265542030334e-02 3.410573676228523254e-02
3.312825784087181091e-02 3.279397264122962952e-02
3.287475928664207458e-02 3.127511218190193176e-02
3.291826695203781128e-02 3.168773651123046875e-02
3.291529417037963867e-02 3.167273104190826416e-02
3.289404138922691345e-02 3.244348615407943726e-02
3.285707905888557434e-02 3.219665586948394775e-02
3.262819722294807434e-02 3.031408973038196564e-02
3.150017932057380676e-02 2.191064506769180298e-02
3.203394636511802673e-02 2.377352491021156311e-02
3.200560435652732849e-02 2.457055076956748962e-02
3.174256160855293274e-02 2.512324415147304535e-02
3.220005705952644348e-02 2.639964222908020020e-02
3.238771855831146240e-02 2.802604809403419495e-02
3.229036927223205566e-02 2.793956547975540161e-02
3.240998461842536926e-02 2.796714007854461670e-02
3.263379633426666260e-02 3.015561215579509735e-02
3.250020369887351990e-02 2.914877235889434814e-02
3.276779502630233765e-02 3.142923861742019653e-02
3.295172005891799927e-02 3.218200057744979858e-02
3.301481902599334717e-02 3.280878812074661255e-02
3.268150240182876587e-02 2.957332879304885864e-02
3.318741545081138611e-02 3.402533754706382751e-02
3.310988470911979675e-02 3.364280983805656433e-02
3.307697549462318420e-02 3.376274183392524719e-02
3.304246813058853149e-02 3.326721116900444031e-02
3.308320045471191406e-02 3.376352414488792419e-02
3.274201229214668274e-02 3.167100250720977783e-02
3.310811892151832581e-02 3.389102593064308167e-02
3.311387076973915100e-02 3.387772291898727417e-02
3.313640877604484558e-02 3.408275544643402100e-02
3.316564857959747314e-02 3.400805965065956116e-02
3.320868313312530518e-02 3.432538732886314392e-02
3.275883197784423828e-02 3.153484687209129333e-02
3.315698355436325073e-02 3.419461473822593689e-02
3.312104567885398865e-02 3.423735871911048889e-02
3.307221829891204834e-02 3.365138545632362366e-02
3.312673047184944153e-02 3.415099158883094788e-02
3.310948982834815979e-02 3.381329402327537537e-02
3.304712474346160889e-02 3.326388821005821228e-02
3.300369158387184143e-02 3.244737535715103149e-02
3.313320502638816833e-02 3.295414149761199951e-02
3.330919519066810608e-02 3.375849500298500061e-02
3.328558802604675293e-02 3.345913067460060120e-02
3.308849781751632690e-02 3.268053755164146423e-02
3.317569196224212646e-02 3.075279667973518372e-02
3.317393735051155090e-02 3.369278460741043091e-02
3.310887143015861511e-02 3.377074003219604492e-02
3.312967717647552490e-02 3.384377807378768921e-02
3.313180059194564819e-02 3.379188850522041321e-02
3.328474611043930054e-02 3.520866110920906067e-02
3.370971232652664185e-02 3.818306699395179749e-02
3.365817666053771973e-02 3.838116303086280823e-02
3.374361991882324219e-02 3.899548947811126709e-02
3.417648375034332275e-02 4.237296432256698608e-02
3.405442461371421814e-02 4.174399375915527344e-02
3.481554985046386719e-02 4.776803776621818542e-02
3.256040811538696289e-02 2.896903455257415771e-02
3.405624255537986755e-02 4.136484116315841675e-02
3.302199020981788635e-02 3.226285055279731750e-02
3.393526002764701843e-02 3.895333781838417053e-02
3.246784582734107971e-02 2.855786494910717010e-02
3.271677717566490173e-02 3.094571083784103394e-02
3.280553966760635376e-02 3.181496262550354004e-02
3.279538825154304504e-02 3.211511671543121338e-02
3.311571106314659119e-02 3.405988961458206177e-02
3.316745907068252563e-02 3.429779782891273499e-02
3.318321704864501953e-02 3.401875495910644531e-02
3.318819403648376465e-02 3.445754572749137878e-02
3.299110010266304016e-02 3.468045592308044434e-02
3.319572284817695618e-02 3.448655083775520325e-02
3.326145932078361511e-02 3.479144722223281860e-02
3.322196006774902344e-02 3.466636314988136292e-02
3.314816579222679138e-02 3.408700972795486450e-02
3.325202316045761108e-02 3.463970124721527100e-02
3.327997773885726929e-02 3.464678674936294556e-02
3.331448882818222046e-02 3.452961519360542297e-02
3.333866968750953674e-02 3.474842384457588196e-02
3.333353623747825623e-02 3.495556861162185669e-02
3.328537940979003906e-02 3.489227965474128723e-02
3.324962407350540161e-02 3.475302830338478088e-02
3.330544009804725647e-02 3.386440500617027283e-02
3.320708125829696655e-02 3.425275906920433044e-02
3.324741125106811523e-02 3.418054431676864624e-02
3.318117931485176086e-02 3.369675576686859131e-02
3.323207050561904907e-02 3.376398235559463501e-02
3.324942663311958313e-02 3.390374407172203064e-02
3.326752036809921265e-02 3.404142707586288452e-02
3.326904028654098511e-02 3.387529030442237854e-02
3.329167515039443970e-02 3.401008993387222290e-02
3.328115865588188171e-02 3.389187529683113098e-02
3.323922306299209595e-02 3.391868993639945984e-02
3.329045325517654419e-02 3.435033932328224182e-02
3.339622542262077332e-02 3.181825205683708191e-02
3.331295028328895569e-02 3.453008830547332764e-02
3.329922258853912354e-02 3.389352932572364807e-02
3.325067088007926941e-02 3.366801887750625610e-02
3.322759270668029785e-02 3.365020453929901123e-02
3.313748911023139954e-02 3.342919796705245972e-02
3.308459371328353882e-02 3.291310742497444153e-02
3.300394490361213684e-02 3.286464512348175049e-02
3.308626636862754822e-02 3.323191776871681213e-02
3.302369266748428345e-02 3.328739106655120850e-02
3.312506526708602905e-02 3.371168300509452820e-02
3.306097537279129028e-02 3.345534577965736389e-02
3.241785243153572083e-02 2.805359475314617157e-02
3.107758425176143646e-02 1.711068116128444672e-02
3.258072212338447571e-02 2.950980886816978455e-02
3.261793404817581177e-02 3.025555983185768127e-02
3.296049311757087708e-02 3.245559334754943848e-02
3.304430097341537476e-02 3.289565071463584900e-02
3.288308531045913696e-02 3.199974447488784790e-02
3.265827149152755737e-02 3.118892014026641846e-02
3.218192607164382935e-02 2.584572322666645050e-02
3.220008686184883118e-02 2.737844921648502350e-02
3.309687599539756775e-02 3.389597684144973755e-02
3.311466053128242493e-02 3.377972170710563660e-02
3.308071196079254150e-02 3.339876979589462280e-02
3.317211195826530457e-02 3.422830626368522644e-02
3.319247812032699585e-02 3.421789035201072693e-02
3.316059708595275879e-02 3.437443450093269348e-02
3.298476338386535645e-02 3.295052424073219299e-02
3.305688127875328064e-02 3.317476063966751099e-02
3.316142410039901733e-02 3.401998057961463928e-02
3.290438279509544373e-02 3.221599385142326355e-02
3.303499519824981689e-02 3.319933637976646423e-02
3.309763222932815552e-02 3.352016583085060120e-02
3.308442980051040649e-02 3.355962038040161133e-02
3.305051475763320923e-02 3.318346664309501648e-02
3.290112316608428955e-02 3.010965324938297272e-02
3.313699737191200256e-02 3.390607610344886780e-02
3.320779278874397278e-02 3.415478765964508057e-02
3.311031311750411987e-02 3.344101831316947937e-02
3.340919315814971924e-02 3.503405302762985229e-02
3.340147063136100769e-02 3.538596630096435547e-02
3.341289237141609192e-02 3.491274639964103699e-02
3.309198841452598572e-02 3.299339860677719116e-02
3.302299976348876953e-02 3.176213428378105164e-02
3.279818966984748840e-02 3.128584101796150208e-02
3.298020735383033752e-02 3.222886472940444946e-02
3.300101310014724731e-02 3.231716528534889221e-02
3.305249288678169250e-02 3.217941522598266602e-02
3.306883946061134338e-02 3.283686190843582153e-02
3.291846439242362976e-02 3.197631612420082092e-02
3.303583711385726929e-02 3.272343799471855164e-02
3.307816013693809509e-02 3.309966996312141418e-02
3.310181573033332825e-02 3.315528482198715210e-02
3.327575698494911194e-02 3.344344347715377808e-02
3.312985971570014954e-02 3.350684791803359985e-02
3.317592665553092957e-02 3.392202034592628479e-02
3.310346603393554688e-02 3.326468169689178467e-02
3.269186243414878845e-02 3.117036819458007812e-02
3.306400030851364136e-02 3.360497206449508667e-02
3.303184360265731812e-02 3.323657810688018799e-02
3.254620358347892761e-02 2.935652621090412140e-02
3.257883340120315552e-02 3.029266372323036194e-02
3.288885951042175293e-02 3.192756697535514832e-02
3.311745077371597290e-02 3.337845206260681152e-02
3.309451416134834290e-02 3.293180093169212341e-02
3.301362320780754089e-02 3.241875395178794861e-02
3.295001760125160217e-02 3.238955140113830566e-02
3.282045200467109680e-02 3.158468008041381836e-02
3.263471275568008423e-02 3.030386939644813538e-02
3.251589089632034302e-02 3.069409541785717010e-02
3.307325765490531921e-02 3.365988284349441528e-02
3.298286721110343933e-02 3.400859236717224121e-02
3.317390754818916321e-02 3.411370515823364258e-02
3.319340199232101440e-02 3.436164557933807373e-02
3.318954259157180786e-02 3.433942422270774841e-02
3.313099220395088196e-02 3.373218700289726257e-02
3.314073756337165833e-02 3.395338356494903564e-02
3.313942626118659973e-02 3.424943611025810242e-02
3.292801976203918457e-02 3.279243037104606628e-02
3.312218934297561646e-02 3.371885046362876892e-02
3.305736184120178223e-02 3.359231352806091309e-02
3.317996114492416382e-02 3.424280509352684021e-02
3.315649554133415222e-02 3.400406986474990845e-02
3.288131579756736755e-02 3.138745576143264771e-02
3.314119204878807068e-02 3.409976512193679810e-02
3.331475332379341125e-02 3.486645221710205078e-02
3.325792402029037476e-02 3.468220308423042297e-02
3.321880847215652466e-02 3.427118062973022461e-02
3.316755220293998718e-02 3.367617353796958923e-02
3.311229124665260315e-02 3.354779258370399475e-02
3.315743058919906616e-02 3.402202948927879333e-02
3.312424197793006897e-02 3.380366787314414978e-02
3.304916247725486755e-02 3.332770615816116333e-02
3.307088091969490051e-02 3.319442272186279297e-02
3.309987112879753113e-02 3.303594142198562622e-02
3.349791467189788818e-02 3.404808044433593750e-02
3.321941941976547241e-02 3.352851420640945435e-02
3.319147229194641113e-02 3.322205320000648499e-02
3.314216434955596924e-02 3.275975957512855530e-02
3.317191451787948608e-02 3.293473646044731140e-02
3.318946808576583862e-02 3.266606852412223816e-02
3.314718604087829590e-02 3.274720162153244019e-02
3.314159065485000610e-02 3.292652964591979980e-02
3.318759426474571228e-02 3.345683217048645020e-02
3.307779505848884583e-02 3.278900682926177979e-02
3.312712907791137695e-02 3.321593254804611206e-02
3.306051716208457947e-02 3.333861380815505981e-02
3.284035250544548035e-02 3.179815039038658142e-02
3.296606615185737610e-02 3.286622092127799988e-02
3.306709229946136475e-02 3.344536572694778442e-02
3.301753103733062744e-02 3.296547755599021912e-02
3.302082046866416931e-02 3.297863155603408813e-02
3.305540233850479126e-02 3.315778821706771851e-02
3.288477286696434021e-02 3.215828165411949158e-02
3.284322842955589294e-02 3.179557248950004578e-02
3.306866809725761414e-02 3.332690894603729248e-02
3.245146945118904114e-02 2.855961397290229797e-02
3.269475325942039490e-02 3.015918657183647156e-02
3.307985886931419373e-02 3.217272832989692688e-02
3.273057192564010620e-02 2.978811226785182953e-02
3.297288343310356140e-02 3.283968567848205566e-02
3.292144089937210083e-02 3.216213732957839966e-02
3.301848843693733215e-02 3.275194764137268066e-02
3.300162404775619507e-02 3.287365660071372986e-02
3.297634050250053406e-02 3.282481804490089417e-02
3.302913531661033630e-02 3.278217837214469910e-02
3.301686048507690430e-02 3.258122876286506653e-02
3.278484567999839783e-02 3.082451596856117249e-02
3.266800567507743835e-02 2.892440930008888245e-02
3.302825242280960083e-02 3.236681222915649414e-02
3.328198194503784180e-02 3.560122102499008179e-02
3.399037942290306091e-02 4.178001731634140015e-02
3.315812721848487854e-02 3.539388254284858704e-02
3.439854457974433899e-02 4.431165009737014771e-02
3.479072824120521545e-02 4.696829989552497864e-02
3.372354060411453247e-02 3.818047046661376953e-02
3.432285040616989136e-02 4.336322844028472900e-02
3.308325633406639099e-02 3.383091092109680176e-02
3.273740410804748535e-02 3.149288147687911987e-02
3.244571015238761902e-02 2.951389923691749573e-02
3.272103518247604370e-02 3.129279240965843201e-02
3.277167677879333496e-02 3.178776800632476807e-02
3.256699442863464355e-02 3.044374659657478333e-02
3.290468081831932068e-02 3.291719779372215271e-02
3.274271264672279358e-02 3.122676536440849304e-02
3.270775824785232544e-02 3.097179532051086426e-02
3.250165283679962158e-02 2.935834228992462158e-02
3.278871625661849976e-02 3.129045665264129639e-02
3.275635838508605957e-02 3.096612915396690369e-02
3.267173841595649719e-02 3.062278777360916138e-02
3.269280865788459778e-02 3.078067302703857422e-02
3.259550034999847412e-02 3.016796521842479706e-02
3.242274373769760132e-02 2.896697446703910828e-02
3.246716037392616272e-02 2.918565273284912109e-02
3.248818591237068176e-02 2.947626262903213501e-02
3.144431114196777344e-02 2.360785380005836487e-02
3.244902566075325012e-02 2.911268174648284912e-02
3.245888277888298035e-02 2.897338755428791046e-02
3.251025080680847168e-02 2.881400287151336670e-02
3.258718177676200867e-02 2.984119392931461334e-02
3.264456242322921753e-02 3.025114163756370544e-02
3.262156248092651367e-02 3.019233793020248413e-02
3.241753205657005310e-02 2.941358834505081177e-02
3.254774957895278931e-02 3.017781861126422882e-02
3.244182094931602478e-02 2.894022688269615173e-02
3.271466866135597229e-02 3.075596503913402557e-02
3.250897675752639771e-02 2.873756550252437592e-02
3.229094296693801880e-02 2.766425162553787231e-02
3.268780559301376343e-02 3.086794167757034302e-02
3.270656615495681763e-02 3.102011792361736298e-02
3.263719379901885986e-02 3.026831708848476410e-02
3.264547511935234070e-02 3.049908950924873352e-02
3.266846016049385071e-02 3.069018200039863586e-02
3.251798450946807861e-02 2.969921752810478210e-02
3.262756392359733582e-02 3.120868839323520660e-02
3.278800845146179199e-02 3.191545605659484863e-02
3.269229084253311157e-02 3.142431750893592834e-02
3.281927108764648438e-02 3.250994905829429626e-02
3.285763785243034363e-02 3.191490471363067627e-02
3.252510353922843933e-02 3.081587329506874084e-02
3.291361778974533081e-02 3.214526176452636719e-02
3.289431706070899963e-02 3.190684318542480469e-02
3.285202383995056152e-02 3.176891431212425232e-02
3.287939354777336121e-02 3.178558498620986938e-02
3.286518529057502747e-02 3.139898553490638733e-02
3.284810855984687805e-02 3.128344938158988953e-02
3.289190307259559631e-02 3.156125545501708984e-02
3.280581533908843994e-02 3.092862293124198914e-02
3.264937177300453186e-02 3.045726381242275238e-02
3.262609615921974182e-02 3.043487481772899628e-02
3.255298361182212830e-02 3.048801049590110779e-02
3.192484378814697266e-02 2.685801312327384949e-02
3.273319453001022339e-02 3.108465112745761871e-02
3.257806599140167236e-02 2.966569177806377411e-02
3.264971822500228882e-02 2.978862076997756958e-02
3.269088640809059143e-02 2.976585738360881805e-02
3.294092044234275818e-02 3.115400671958923340e-02
3.283303603529930115e-02 3.005342558026313782e-02
3.280729427933692932e-02 3.000922873616218567e-02
3.271277248859405518e-02 2.962624281644821167e-02
3.289830684661865234e-02 3.064469434320926666e-02
3.293579816818237305e-02 3.148001059889793396e-02
3.280846774578094482e-02 3.048062883317470551e-02
3.263613954186439514e-02 2.787579223513603210e-02
3.281626105308532715e-02 3.110523521900177002e-02
3.279011696577072144e-02 3.123391233384609222e-02
3.273567184805870056e-02 3.076524287462234497e-02
3.277543559670448303e-02 3.132966533303260803e-02
3.281437978148460388e-02 3.440450504422187805e-02
3.241742402315139771e-02 2.878612652420997620e-02
3.168366849422454834e-02 2.076519839465618134e-02
3.183360397815704346e-02 2.477965503931045532e-02
3.238127008080482483e-02 2.739923447370529175e-02
3.271478787064552307e-02 3.086585365235805511e-02
3.258526697754859924e-02 2.932955510914325714e-02
3.191810846328735352e-02 2.392217703163623810e-02
3.242637962102890015e-02 2.859734743833541870e-02
3.223913162946701050e-02 2.655964158475399017e-02
3.273373097181320190e-02 3.100877255201339722e-02
3.257517516613006592e-02 2.957509458065032959e-02
3.246250376105308533e-02 2.877155691385269165e-02
3.262735530734062195e-02 3.004344739019870758e-02
3.288171067833900452e-02 3.166583180427551270e-02
3.261427953839302063e-02 3.000918775796890259e-02
3.279747441411018372e-02 3.113455697894096375e-02
3.285471722483634949e-02 3.133453801274299622e-02
3.280888497829437256e-02 3.111356124281883240e-02
3.204271569848060608e-02 2.517967298626899719e-02
3.279493004083633423e-02 3.105455078184604645e-02
3.274336829781532288e-02 3.052483126521110535e-02
3.263093158602714539e-02 2.976217865943908691e-02
3.261145576834678650e-02 2.979323267936706543e-02
3.252472355961799622e-02 2.892940305173397064e-02
3.239734098315238953e-02 2.829636260867118835e-02
3.185539692640304565e-02 2.439537644386291504e-02
3.189619258046150208e-02 2.419821172952651978e-02
3.222675621509552002e-02 2.617599070072174072e-02
3.285204991698265076e-02 3.031370788812637329e-02
3.219049796462059021e-02 2.601786144077777863e-02
3.257003054022789001e-02 2.468645758926868439e-02
3.293782472610473633e-02 3.219421952962875366e-02
3.284504264593124390e-02 3.134262561798095703e-02
3.251503780484199524e-02 2.885764651000499725e-02
3.234837576746940613e-02 2.770664356648921967e-02
3.239294514060020447e-02 2.786917984485626221e-02
3.242835775017738342e-02 2.842349745333194733e-02
3.272164613008499146e-02 2.962988242506980896e-02
3.263158351182937622e-02 2.925469726324081421e-02
3.263585269451141357e-02 2.870922349393367767e-02
3.245322778820991516e-02 2.661958150565624237e-02
3.210466727614402771e-02 2.567485347390174866e-02
3.156529366970062256e-02 2.113628387451171875e-02
3.222523629665374756e-02 2.652793377637863159e-02
3.204742446541786194e-02 2.505909651517868042e-02
3.247543424367904663e-02 2.818565443158149719e-02
3.283885866403579712e-02 3.118024393916130066e-02
3.282329067587852478e-02 3.051826544106006622e-02
3.272283822298049927e-02 3.097910061478614807e-02
3.274752944707870483e-02 3.081309422850608826e-02
3.225100412964820862e-02 2.680658921599388123e-02
3.246209770441055298e-02 2.876370027661323547e-02
3.168006986379623413e-02 2.059460245072841644e-02
3.154167532920837402e-02 2.130009606480598450e-02
3.160248324275016785e-02 2.048805914819240570e-02
3.226517140865325928e-02 2.691201679408550262e-02
3.253869712352752686e-02 2.884606644511222839e-02
3.214553743600845337e-02 2.608634531497955322e-02
3.206690773367881775e-02 2.458728104829788208e-02
3.108088858425617218e-02 1.830570958554744720e-02
3.231383860111236572e-02 2.558716014027595520e-02
3.167337179183959961e-02 2.100337482988834381e-02
3.160459548234939575e-02 2.051874995231628418e-02
3.210077434778213501e-02 2.457053400576114655e-02
3.190406784415245056e-02 2.340238168835639954e-02
3.287694230675697327e-02 3.233300149440765381e-02
3.198998793959617615e-02 2.401971258223056793e-02
3.299758583307266235e-02 3.276607394218444824e-02
3.309771046042442322e-02 3.343389928340911865e-02
3.289029747247695923e-02 3.203958645462989807e-02
3.261254355311393738e-02 2.929176390171051025e-02
3.301993012428283691e-02 3.267074003815650940e-02
3.299893066287040710e-02 3.179344534873962402e-02
3.318990767002105713e-02 3.374732658267021179e-02
3.309208527207374573e-02 3.290347754955291748e-02
3.308422490954399109e-02 3.310572728514671326e-02
3.292478993535041809e-02 3.217975422739982605e-02
3.309696912765502930e-02 3.356613963842391968e-02
3.268172964453697205e-02 3.058757632970809937e-02
3.309442475438117981e-02 3.298533707857131958e-02
3.300259634852409363e-02 3.226546570658683777e-02
3.314786776900291443e-02 3.260636329650878906e-02
3.306385874748229980e-02 3.299118578433990479e-02
3.302399441599845886e-02 3.311156854033470154e-02
3.309422731399536133e-02 3.360207751393318176e-02
3.299992159008979797e-02 3.310139477252960205e-02
3.269852697849273682e-02 3.054320253431797028e-02
3.313739225268363953e-02 3.416332975029945374e-02
3.261912986636161804e-02 2.892044745385646820e-02
3.273014351725578308e-02 3.078724816441535950e-02
3.123619221150875092e-02 2.104742079973220825e-02
3.294489160180091858e-02 3.273906558752059937e-02
3.310384973883628845e-02 3.388933837413787842e-02
3.305934369564056396e-02 3.341516479849815369e-02
3.288572654128074646e-02 3.231304511427879333e-02
3.296278044581413269e-02 3.288193792104721069e-02
3.301130980253219604e-02 3.309847787022590637e-02
3.337556123733520508e-02 3.581393510103225708e-02
3.349162638187408447e-02 3.595508635044097900e-02
3.335238620638847351e-02 3.522364050149917603e-02
3.348832577466964722e-02 3.611071407794952393e-02
3.344629332423210144e-02 3.596725687384605408e-02
3.384891897439956665e-02 3.938335180282592773e-02
3.339922800660133362e-02 3.570883721113204956e-02
3.344449773430824280e-02 3.635833412408828735e-02
3.343648836016654968e-02 3.627351298928260803e-02
3.343695774674415588e-02 3.612701967358589172e-02
3.337894007563591003e-02 3.591353446245193481e-02
3.358291834592819214e-02 3.702228143811225891e-02
3.374118357896804810e-02 3.811381757259368896e-02
3.374176099896430969e-02 3.802732005715370178e-02
3.351420909166336060e-02 3.664185106754302979e-02
3.355484455823898315e-02 3.696259111166000366e-02
3.363731130957603455e-02 3.717901185154914856e-02
3.500653058290481567e-02 4.488508030772209167e-02
3.389661014080047607e-02 3.810074180364608765e-02
3.382362797856330872e-02 3.770139813423156738e-02
3.366677835583686829e-02 3.655886277556419373e-02
3.376180306077003479e-02 3.793992102146148682e-02
3.371400758624076843e-02 3.750850260257720947e-02
3.400994464755058289e-02 3.919150307774543762e-02
3.389026597142219543e-02 3.858243674039840698e-02
3.405779972672462463e-02 3.926917165517807007e-02
3.408741950988769531e-02 3.996089100837707520e-02
3.383766114711761475e-02 3.840021044015884399e-02
3.358885273337364197e-02 3.703087940812110901e-02
3.516026958823204041e-02 4.534236714243888855e-02
3.396503999829292297e-02 3.916484862565994263e-02
3.445373848080635071e-02 4.089364781975746155e-02
3.406440466642379761e-02 3.853254765272140503e-02
3.377245739102363586e-02 3.753822296857833862e-02
3.342529013752937317e-02 3.504544869065284729e-02
3.358989953994750977e-02 3.552783653140068054e-02
3.249222785234451294e-02 2.773809060454368591e-02
3.284333646297454834e-02 3.036622889339923859e-02
3.273514285683631897e-02 2.816647663712501526e-02
3.210997208952903748e-02 2.448695152997970581e-02
3.307802602648735046e-02 3.213426843285560608e-02
3.433552011847496033e-02 4.152587056159973145e-02
3.332623839378356934e-02 3.519128262996673584e-02
3.327108919620513916e-02 3.511451929807662964e-02
3.337245061993598938e-02 3.570527210831642151e-02
3.339425101876258850e-02 3.570308536291122437e-02
3.346412628889083862e-02 3.600839897990226746e-02
3.342663124203681946e-02 3.601016849279403687e-02
3.355710953474044800e-02 3.646185249090194702e-02
3.359426558017730713e-02 3.698984533548355103e-02
3.364589810371398926e-02 3.730087727308273315e-02
3.335432335734367371e-02 3.541025891900062561e-02
3.346263989806175232e-02 3.617788851261138916e-02
3.447574749588966370e-02 4.272680729627609253e-02
3.374707698822021484e-02 3.813848644495010376e-02
3.353634104132652283e-02 3.643006831407546997e-02
3.345887735486030579e-02 3.596457466483116150e-02
3.361151367425918579e-02 3.640733659267425537e-02
3.344255685806274414e-02 3.580901771783828735e-02
3.358715400099754333e-02 3.682973235845565796e-02
3.346635773777961731e-02 3.615510463714599609e-02
3.334462270140647888e-02 3.532122448086738586e-02
3.331809118390083313e-02 3.476036712527275085e-02
3.324542194604873657e-02 3.443884477019309998e-02
3.325726836919784546e-02 3.439833223819732666e-02
3.366535902023315430e-02 3.563980013132095337e-02
3.334372863173484802e-02 3.510766476392745972e-02
3.347608074545860291e-02 3.527837991714477539e-02
3.348680958151817322e-02 3.533871844410896301e-02
3.361178562045097351e-02 3.593596071004867554e-02
3.340500220656394958e-02 3.476371243596076965e-02
3.339149430394172668e-02 3.476294130086898804e-02
3.321563452482223511e-02 3.423510864377021790e-02
3.326022997498512268e-02 3.434970974922180176e-02
3.309901058673858643e-02 3.406573086977005005e-02
3.335853293538093567e-02 3.517237305641174316e-02
3.321876376867294312e-02 3.440961241722106934e-02
3.309915587306022644e-02 3.182739391922950745e-02
3.288034349679946899e-02 3.179682418704032898e-02
3.203784674406051636e-02 2.280120924115180969e-02
3.275881335139274597e-02 3.106242418289184570e-02
3.240478038787841797e-02 2.826423943042755127e-02
3.279258683323860168e-02 3.130014985799789429e-02
3.281016275286674500e-02 3.123160451650619507e-02
3.201841562986373901e-02 2.546440437436103821e-02
3.249299898743629456e-02 2.872739546000957489e-02
3.228041157126426697e-02 2.750934660434722900e-02
3.119275346398353577e-02 1.953117921948432922e-02
3.296214342117309570e-02 3.271591290831565857e-02
3.250614926218986511e-02 2.906979992985725403e-02
3.308547288179397583e-02 3.371648862957954407e-02
3.299785777926445007e-02 3.329180181026458740e-02
3.305768966674804688e-02 3.369837254285812378e-02
3.300128504633903503e-02 3.340602293610572815e-02
3.303784504532814026e-02 3.353993222117424011e-02
3.302536532282829285e-02 3.319532051682472229e-02
3.301793709397315979e-02 3.320693224668502808e-02
3.309481963515281677e-02 3.357707336544990540e-02
3.318784758448600769e-02 3.423158079385757446e-02
3.305042535066604614e-02 3.311481326818466187e-02
3.307488933205604553e-02 3.341628983616828918e-02
3.294663131237030029e-02 3.137365728616714478e-02
3.343826532363891602e-02 3.580783680081367493e-02
3.336521983146667480e-02 3.544533252716064453e-02
3.325666114687919617e-02 3.481239452958106995e-02
3.348666802048683167e-02 3.597504645586013794e-02
3.350074961781501770e-02 3.610016778111457825e-02
3.340050205588340759e-02 3.522876650094985962e-02
3.329571709036827087e-02 3.484401479363441467e-02
3.352289646863937378e-02 3.623284026980400085e-02
3.365641459822654724e-02 3.710591793060302734e-02
3.358060866594314575e-02 3.596051409840583801e-02
3.367399796843528748e-02 3.526280075311660767e-02
3.400086238980293274e-02 3.735835850238800049e-02
3.325070813298225403e-02 3.365812450647354126e-02
3.322225064039230347e-02 3.383655473589897156e-02
3.324839845299720764e-02 3.330362215638160706e-02
3.353119641542434692e-02 3.471654281020164490e-02
3.327827900648117065e-02 3.261453658342361450e-02
3.331891074776649475e-02 3.455086052417755127e-02
3.323794528841972351e-02 3.438757359981536865e-02
3.325087577104568481e-02 3.430893644690513611e-02
3.334701061248779297e-02 3.490943461656570435e-02
3.323411568999290466e-02 3.459614142775535583e-02
3.228804841637611389e-02 2.719129063189029694e-02
3.339159116148948669e-02 3.541987016797065735e-02
3.212657198309898376e-02 2.636033296585083008e-02
3.215256333351135254e-02 2.777450345456600189e-02
3.280103579163551331e-02 3.098252229392528534e-02
3.291601315140724182e-02 3.177177533507347107e-02
3.293407708406448364e-02 3.153643757104873657e-02
3.289220854640007019e-02 3.133603930473327637e-02
3.272543102502822876e-02 3.000566549599170685e-02
3.310145065188407898e-02 3.315081819891929626e-02
3.296015411615371704e-02 3.170476481318473816e-02
3.300498053431510925e-02 3.276758268475532532e-02
3.306972980499267578e-02 3.366885334253311157e-02
3.235322982072830200e-02 2.855624258518218994e-02
3.289071470499038696e-02 3.276131302118301392e-02
3.293728083372116089e-02 3.245037421584129333e-02
3.276221826672554016e-02 3.151100128889083862e-02
3.262771293520927429e-02 3.020432405173778534e-02
3.254967555403709412e-02 2.935031056404113770e-02
3.260592743754386902e-02 2.985576540231704712e-02
3.212491050362586975e-02 2.624340169131755829e-02
3.220759332180023193e-02 2.685002982616424561e-02
3.226605802774429321e-02 2.720110304653644562e-02
3.207230567932128906e-02 2.596642263233661652e-02
3.273111954331398010e-02 3.102965839207172394e-02
3.260093182325363159e-02 2.911074087023735046e-02
3.319527581334114075e-02 3.431169688701629639e-02
3.314847871661186218e-02 3.408214077353477478e-02
3.313113003969192505e-02 3.386738523840904236e-02
3.312794864177703857e-02 3.314438834786415100e-02
3.333859518170356750e-02 3.505222126841545105e-02
3.336563333868980408e-02 3.550713881850242615e-02
3.332369774580001831e-02 3.474264591932296753e-02
3.322457149624824524e-02 3.424516320228576660e-02
3.331027925014495850e-02 3.491624444723129272e-02
3.321829438209533691e-02 3.401001170277595520e-02
3.325965628027915955e-02 3.445492312312126160e-02
3.318385779857635498e-02 3.201247006654739380e-02
3.329747170209884644e-02 3.431694209575653076e-02
3.316380456089973450e-02 3.305498510599136353e-02
3.324572741985321045e-02 3.355630859732627869e-02
3.319578617811203003e-02 3.308014199137687683e-02
3.318668901920318604e-02 3.294172510504722595e-02
3.317409753799438477e-02 3.291035816073417664e-02
3.324533998966217041e-02 3.257459402084350586e-02
3.311400860548019409e-02 3.187587112188339233e-02
3.322133049368858337e-02 3.220654651522636414e-02
3.307572379708290100e-02 3.196294605731964111e-02
3.305114433169364929e-02 3.259719163179397583e-02
3.304582834243774414e-02 2.978590689599514008e-02
3.311941772699356079e-02 3.306725621223449707e-02
3.288854658603668213e-02 3.143224120140075684e-02
3.280834108591079712e-02 3.149086236953735352e-02
3.287222236394882202e-02 3.187239170074462891e-02
3.281353414058685303e-02 3.156198188662528992e-02
3.325500339269638062e-02 3.388809040188789368e-02
3.251359239220619202e-02 2.813908644020557404e-02
3.183950483798980713e-02 2.044968493282794952e-02
3.201265633106231689e-02 2.436100877821445465e-02
3.253407776355743408e-02 2.900179103016853333e-02
3.309372067451477051e-02 3.303205594420433044e-02
3.271148353815078735e-02 2.973942831158638000e-02
3.269742801785469055e-02 3.066772781312465668e-02
3.241585940122604370e-02 2.890265733003616333e-02
3.231708332896232605e-02 2.802936546504497528e-02
3.121126443147659302e-02 1.870016008615493774e-02
3.303202241659164429e-02 3.320887312293052673e-02
3.301908820867538452e-02 3.333621472120285034e-02
3.311093524098396301e-02 3.360289335250854492e-02
3.301658853888511658e-02 3.308523446321487427e-02
3.309923410415649414e-02 3.370993584394454956e-02
3.299988433718681335e-02 3.280186280608177185e-02
3.295177966356277466e-02 3.220353648066520691e-02
3.240171447396278381e-02 2.697363868355751038e-02
3.299408033490180969e-02 3.236066922545433044e-02
3.301158919930458069e-02 3.317055106163024902e-02
3.291041776537895203e-02 3.220229595899581909e-02
3.296008333563804626e-02 3.261140733957290649e-02
3.298370167613029480e-02 3.265137597918510437e-02
3.307014703750610352e-02 3.291391953825950623e-02
3.313032165169715881e-02 3.339319676160812378e-02
3.325235098600387573e-02 3.482075780630111694e-02
3.332335501909255981e-02 3.519993275403976440e-02
3.307418897747993469e-02 3.358472138643264771e-02
3.321557864546775818e-02 3.488696739077568054e-02
3.347209468483924866e-02 3.593143075704574585e-02
3.334597125649452209e-02 3.530184179544448853e-02
3.325184062123298645e-02 3.382322937250137329e-02
3.321582078933715820e-02 3.315825387835502625e-02
3.319517523050308228e-02 3.325842693448066711e-02
3.323406726121902466e-02 3.382034972310066223e-02
3.337022289633750916e-02 3.454617038369178772e-02
3.346585109829902649e-02 3.527126088738441467e-02
3.366100043058395386e-02 3.620616719126701355e-02
3.340186923742294312e-02 3.481558710336685181e-02
3.366024792194366455e-02 3.646808117628097534e-02
3.353349491953849792e-02 3.605417534708976746e-02
3.405240923166275024e-02 3.815929964184761047e-02
3.412609919905662537e-02 4.091791063547134399e-02
3.405263274908065796e-02 4.071040451526641846e-02
3.444896638393402100e-02 4.347639158368110657e-02
3.423131257295608521e-02 4.204687476158142090e-02
3.460165113210678101e-02 4.450280591845512390e-02
3.441603481769561768e-02 4.385070875287055969e-02
3.382037952542304993e-02 4.074621945619583130e-02
3.375840187072753906e-02 3.921553120017051697e-02
3.428409248590469360e-02 4.320877045392990112e-02
3.219568356871604919e-02 2.706265635788440704e-02
3.298264369368553162e-02 3.283750265836715698e-02
3.133650869131088257e-02 1.904290728271007538e-02
3.261616080999374390e-02 2.983757480978965759e-02
3.271915391087532043e-02 3.067534416913986206e-02
3.270588442683219910e-02 3.063589893281459808e-02
3.272239863872528076e-02 3.077594377100467682e-02
3.274023905396461487e-02 3.077355027198791504e-02
3.250463679432868958e-02 2.883061580359935760e-02
3.157581388950347900e-02 2.359747141599655151e-02
3.163727745413780212e-02 2.564910054206848145e-02
3.293048962950706482e-02 3.258465975522994995e-02
3.308163210749626160e-02 3.365620970726013184e-02
3.292398899793624878e-02 3.250396624207496643e-02
3.273282572627067566e-02 3.061531297862529755e-02
3.298047557473182678e-02 3.302240744233131409e-02
3.296248987317085266e-02 3.285193070769309998e-02
3.286211192607879639e-02 3.191153705120086670e-02
3.277162835001945496e-02 3.101516142487525940e-02
3.282124176621437073e-02 3.151868656277656555e-02
3.278042003512382507e-02 3.106147982180118561e-02
3.267360106110572815e-02 3.013025969266891479e-02
3.274495899677276611e-02 3.079502470791339874e-02
3.283314034342765808e-02 3.122920729219913483e-02
3.240489959716796875e-02 2.832099981606006622e-02
3.256367519497871399e-02 2.930263057351112366e-02
3.231655806303024292e-02 2.391787618398666382e-02
3.264441341161727905e-02 3.018016368150711060e-02
3.286357596516609192e-02 3.154223039746284485e-02
3.279146179556846619e-02 3.120554797351360321e-02
3.251009061932563782e-02 2.905513904988765717e-02
3.332702815532684326e-02 3.376621752977371216e-02
3.304319828748703003e-02 3.170588612556457520e-02
3.319596871733665466e-02 3.296687826514244080e-02
3.312278538942337036e-02 3.244715183973312378e-02
3.318543732166290283e-02 3.230467811226844788e-02
3.315147385001182556e-02 3.195839375257492065e-02
3.327041864395141602e-02 3.285702317953109741e-02
3.326550126075744629e-02 3.240856900811195374e-02
3.323753178119659424e-02 3.365885838866233826e-02
3.316222876310348511e-02 3.265725448727607727e-02
3.322539106011390686e-02 3.358163684606552124e-02
3.316304460167884827e-02 3.343784064054489136e-02
3.306690230965614319e-02 3.257392346858978271e-02
3.317574411630630493e-02 3.286428377032279968e-02
3.325229138135910034e-02 3.380467742681503296e-02
3.321522846817970276e-02 3.369725495576858521e-02
3.327533602714538574e-02 3.414025157690048218e-02
3.316598758101463318e-02 3.405492380261421204e-02
3.317539766430854797e-02 3.382690995931625366e-02
3.364123776555061340e-02 3.532345965504646301e-02
3.285447508096694946e-02 3.111207857728004456e-02
3.283629193902015686e-02 3.108472004532814026e-02
3.300355002284049988e-02 3.261235356330871582e-02
3.309709578752517700e-02 3.270778432488441467e-02
3.310387209057807922e-02 3.344340249896049500e-02
3.309899568557739258e-02 3.318271413445472717e-02
3.295299783349037170e-02 3.268811479210853577e-02
3.293467313051223755e-02 3.202358260750770569e-02
3.297444060444831848e-02 3.223383054137229919e-02
3.204794228076934814e-02 2.742377482354640961e-02
3.287462890148162842e-02 3.188762813806533813e-02
3.319960832595825195e-02 3.344681859016418457e-02
3.320337086915969849e-02 3.443014621734619141e-02
3.311429172754287720e-02 3.381210938096046448e-02
3.307573497295379639e-02 3.339864313602447510e-02
3.303845971822738647e-02 3.326224535703659058e-02
3.307893499732017517e-02 3.321235626935958862e-02
3.298164531588554382e-02 3.225144371390342712e-02
3.302707150578498840e-02 3.285949304699897766e-02
3.279402107000350952e-02 3.177531808614730835e-02
3.280378133058547974e-02 3.121554851531982422e-02
3.290453925728797913e-02 3.252992033958435059e-02
3.292398899793624878e-02 3.245073556900024414e-02
3.185170516371726990e-02 2.324892953038215637e-02
3.290784731507301331e-02 3.206061571836471558e-02
3.276910260319709778e-02 3.073001280426979065e-02
3.249857947230339050e-02 2.851732820272445679e-02
3.302115574479103088e-02 3.225013986229896545e-02
3.299830108880996704e-02 3.195323050022125244e-02
3.297651559114456177e-02 3.195684403181076050e-02
3.307326138019561768e-02 3.225420415401458740e-02
3.298768028616905212e-02 3.184952959418296814e-02
3.286468982696533203e-02 3.098946437239646912e-02
3.278907015919685364e-02 3.067302703857421875e-02
3.280010074377059937e-02 3.032994642853736877e-02
3.239892795681953430e-02 2.391376718878746033e-02
3.303962945938110352e-02 3.203918784856796265e-02
3.301750123500823975e-02 3.186304494738578796e-02
3.283527866005897522e-02 3.045328333973884583e-02
3.289253264665603638e-02 3.073874115943908691e-02
3.258594870567321777e-02 2.921384945511817932e-02
3.266815841197967529e-02 3.032203204929828644e-02
3.247233852744102478e-02 2.858118154108524323e-02
3.259598836302757263e-02 3.004171513020992279e-02
3.253349289298057556e-02 2.959728613495826721e-02
3.073332644999027252e-02 1.708632148802280426e-02
3.150848671793937683e-02 2.007810771465301514e-02
2.910117059946060181e-02 4.822457209229469299e-03
3.108931519091129303e-02 1.999492570757865906e-02
3.246776387095451355e-02 2.924497611820697784e-02
3.268943354487419128e-02 3.065887838602066040e-02
3.262758255004882812e-02 3.027868643403053284e-02
3.259702026844024658e-02 2.947130799293518066e-02
3.243359550833702087e-02 2.883330918848514557e-02
3.168836608529090881e-02 2.545542642474174500e-02
3.289230540394783020e-02 3.215378150343894958e-02
3.295851498842239380e-02 3.245964646339416504e-02
3.288890048861503601e-02 3.227396309375762939e-02
3.289260715246200562e-02 3.260390087962150574e-02
3.204795718193054199e-02 2.679736912250518799e-02
3.293487057089805603e-02 3.256098181009292603e-02
3.291045129299163818e-02 3.259278461337089539e-02
3.268934413790702820e-02 3.063018992543220520e-02
3.261944279074668884e-02 3.032986260950565338e-02
3.271020576357841492e-02 3.105831705033779144e-02
3.286058455705642700e-02 3.204168379306793213e-02
3.281296044588088989e-02 3.162907809019088745e-02
3.278402611613273621e-02 3.124500811100006104e-02
3.299924731254577637e-02 3.284087404608726501e-02
3.282468020915985107e-02 3.147423639893531799e-02
3.282220289111137390e-02 3.116036951541900635e-02
3.148216754198074341e-02 1.860972121357917786e-02
3.276731446385383606e-02 3.114435262978076935e-02
3.276188299059867859e-02 3.101940080523490906e-02
3.277848660945892334e-02 3.116294182837009430e-02
3.277318179607391357e-02 3.105922415852546692e-02
3.270661085844039917e-02 3.003247827291488647e-02
3.280647099018096924e-02 3.077980503439903259e-02
3.279467299580574036e-02 3.051153384149074554e-02
3.272517025470733643e-02 3.007952496409416199e-02
3.250170871615409851e-02 2.880497649312019348e-02
3.239109367132186890e-02 2.767294645309448242e-02
3.250525146722793579e-02 2.832031436264514923e-02
3.162622079253196716e-02 2.047038078308105469e-02
3.242393955588340759e-02 2.821162901818752289e-02
3.228330612182617188e-02 2.621480822563171387e-02
3.177858889102935791e-02 2.131390199065208435e-02
3.226177394390106201e-02 2.578547224402427673e-02
3.216238319873809814e-02 2.528630569577217102e-02
3.212430328130722046e-02 2.539889328181743622e-02
3.261339291930198669e-02 2.909485250711441040e-02
3.241011500358581543e-02 2.704381570219993591e-02
3.198124095797538757e-02 2.381451055407524109e-02
3.187818825244903564e-02 2.260129339993000031e-02
3.234191611409187317e-02 2.667485922574996948e-02
3.211384639143943787e-02 2.323932945728302002e-02
3.193567693233489990e-02 2.388010360300540924e-02
3.434712439775466919e-02 4.161985591053962708e-02
3.121054917573928833e-02 1.825862005352973938e-02
3.251886740326881409e-02 2.844585292041301727e-02
3.017185628414154053e-02 1.138613931834697723e-02
3.131838887929916382e-02 1.942392066121101379e-02
3.124986216425895691e-02 1.805842109024524689e-02
3.158482536673545837e-02 2.174115180969238281e-02
3.172414377331733704e-02 2.262420579791069031e-02
3.250479325652122498e-02 2.869926393032073975e-02
3.266979753971099854e-02 2.911490947008132935e-02
3.195859119296073914e-02 2.199968323111534119e-02
3.257637098431587219e-02 2.868955954909324646e-02
3.287365660071372986e-02 3.139360249042510986e-02
3.285689279437065125e-02 3.241062536835670471e-02
3.279394656419754028e-02 3.139102831482887268e-02
3.281307965517044067e-02 3.261214122176170349e-02
3.225913643836975098e-02 2.781746909022331238e-02
3.363890945911407471e-02 3.738700598478317261e-02
3.377199918031692505e-02 3.984060883522033691e-02
3.393796458840370178e-02 4.091355949640274048e-02
3.331592679023742676e-02 3.702032193541526794e-02
3.469455614686012268e-02 4.601817578077316284e-02
3.229271247982978821e-02 2.596659585833549500e-02
3.319535776972770691e-02 3.552823141217231750e-02
3.309981897473335266e-02 3.340482339262962341e-02
3.315278142690658569e-02 3.394620493054389954e-02
3.289304301142692566e-02 3.240808099508285522e-02
3.293449059128761292e-02 3.278874605894088745e-02
3.295901417732238770e-02 3.236618638038635254e-02
3.241265937685966492e-02 2.865855395793914795e-02
3.249634802341461182e-02 2.958154492080211639e-02
3.247753903269767761e-02 2.949932962656021118e-02
3.258033469319343567e-02 3.089511767029762268e-02
3.236206993460655212e-02 2.867232263088226318e-02
3.175142034888267517e-02 2.297461405396461487e-02
3.226614743471145630e-02 2.739727869629859924e-02
3.184438124299049377e-02 2.384391613304615021e-02
3.256196528673171997e-02 2.945082262158393860e-02
3.216945752501487732e-02 2.603472396731376648e-02
3.242238238453865051e-02 2.825530059635639191e-02
3.220117464661598206e-02 2.558868937194347382e-02
3.229553252458572388e-02 2.663955837488174438e-02
3.192492574453353882e-02 2.407906204462051392e-02
3.208857029676437378e-02 2.540725097060203552e-02
3.205587714910507202e-02 2.470951899886131287e-02
3.215555846691131592e-02 2.633496560156345367e-02
3.166665136814117432e-02 2.386668138206005096e-02
3.264668583869934082e-02 3.044360876083374023e-02
3.276190906763076782e-02 3.173154592514038086e-02
3.267840296030044556e-02 3.038549236953258514e-02
3.275126963853836060e-02 3.128905966877937317e-02
3.255766630172729492e-02 2.992016822099685669e-02
3.257988393306732178e-02 3.013628162443637848e-02
3.290690109133720398e-02 3.223562240600585938e-02
3.317419067025184631e-02 3.268523886799812317e-02
3.226262703537940979e-02 2.842376008629798889e-02
3.321615606546401978e-02 3.407237306237220764e-02
3.302591294050216675e-02 3.251318633556365967e-02
3.298036381602287292e-02 3.235100954771041870e-02
3.244014084339141846e-02 2.869766391813755035e-02
3.244053572416305542e-02 2.846371196210384369e-02
3.243092820048332214e-02 2.844840101897716522e-02
3.253588825464248657e-02 2.863830327987670898e-02
3.292491286993026733e-02 3.037535026669502258e-02
3.181212767958641052e-02 2.293599769473075867e-02
3.120191209018230438e-02 1.713543385267257690e-02
3.269335255026817322e-02 3.111035563051700592e-02
3.267204016447067261e-02 3.077599406242370605e-02
3.301841393113136292e-02 3.317479044198989868e-02
3.282971680164337158e-02 3.206984698772430420e-02
3.360670059919357300e-02 3.870262950658798218e-02
3.306467458605766296e-02 3.399504348635673523e-02
3.305638954043388367e-02 3.339852020144462585e-02
3.200516849756240845e-02 2.640293911099433899e-02
3.304719179868698120e-02 3.329438716173171997e-02
3.301049768924713135e-02 3.316072374582290649e-02
3.285283222794532776e-02 3.198761865496635437e-02
3.275717794895172119e-02 3.157397732138633728e-02
3.215930983424186707e-02 2.675718814134597778e-02
3.184349462389945984e-02 2.548613958060741425e-02
3.311821818351745605e-02 3.428794443607330322e-02
3.316204622387886047e-02 3.426478430628776550e-02
3.352487832307815552e-02 3.625093027949333191e-02
3.329288586974143982e-02 3.498734906315803528e-02
3.334470093250274658e-02 3.554099425673484802e-02
3.331198170781135559e-02 3.525932133197784424e-02
3.315940126776695251e-02 3.401859849691390991e-02
3.299124911427497864e-02 3.397613763809204102e-02
3.295027837157249451e-02 3.374728187918663025e-02
3.312933817505836487e-02 3.356225416064262390e-02
3.298330679535865784e-02 3.382536396384239197e-02
3.212877735495567322e-02 2.918856032192707062e-02
3.309070318937301636e-02 3.414645791053771973e-02
3.276236355304718018e-02 3.356114402413368225e-02
3.268212080001831055e-02 3.306962177157402039e-02
3.333590552210807800e-02 3.563623130321502686e-02
3.324259817600250244e-02 3.478960320353507996e-02
3.317545726895332336e-02 3.451015427708625793e-02
3.327173739671707153e-02 3.505377471446990967e-02
3.329463303089141846e-02 3.509985655546188354e-02
3.335630521178245544e-02 3.539052605628967285e-02
3.338480740785598755e-02 3.504654392600059509e-02
3.335781767964363098e-02 3.490223735570907593e-02
3.337037563323974609e-02 3.536668792366981506e-02
3.343385085463523865e-02 3.538746014237403870e-02
3.330101072788238525e-02 3.475913777947425842e-02
3.351048752665519714e-02 3.519199416041374207e-02
3.324382379651069641e-02 3.436160460114479065e-02
3.327876329421997070e-02 3.418405354022979736e-02
3.326582908630371094e-02 3.344064205884933472e-02
3.328839316964149475e-02 3.355760872364044189e-02
3.314745426177978516e-02 3.260361403226852417e-02
3.294595703482627869e-02 2.986884303390979767e-02
3.294883668422698975e-02 2.953126095235347748e-02
3.155470266938209534e-02 1.873992383480072021e-02
3.263526409864425659e-02 2.853955700993537903e-02
3.211520612239837646e-02 2.413410320878028870e-02
3.223229572176933289e-02 2.738159708678722382e-02
3.266667574644088745e-02 2.708699367940425873e-02
3.290534391999244690e-02 3.195227682590484619e-02
3.100545704364776611e-02 1.693451777100563049e-02
3.248366340994834900e-02 2.890252321958541870e-02
3.290353342890739441e-02 3.093340434134006500e-02
3.206232935190200806e-02 2.503503672778606415e-02
3.202639147639274597e-02 2.362983673810958862e-02
3.256191685795783997e-02 2.872441709041595459e-02
3.261256217956542969e-02 2.997147291898727417e-02
3.237648680806159973e-02 2.831590920686721802e-02
3.251994401216506958e-02 2.994581870734691620e-02
3.270683437585830688e-02 2.989401109516620636e-02
nan nan
