3.278823196887969971e-02 3.142463415861129761e-02
3.275718167424201965e-02 3.118044883012771606e-02
3.292791917920112610e-02 3.239285200834274292e-02
3.283324837684631348e-02 3.175896033644676208e-02
3.283558785915374756e-02 3.171099349856376648e-02
3.289369866251945496e-02 3.182999789714813232e-02
3.288723528385162354e-02 3.196495771408081055e-02
3.298449143767356873e-02 3.237907215952873230e-02
3.294841945171356201e-02 3.290134668350219727e-02
3.296110406517982483e-02 3.221189230680465698e-02
3.299859911203384399e-02 3.299006074666976929e-02
3.503970429301261902e-02 4.520644620060920715e-02
3.301139175891876221e-02 3.322822600603103638e-02
3.305133432149887085e-02 3.320019319653511047e-02
3.294127061963081360e-02 3.265110030770301819e-02
3.290437906980514526e-02 3.228313475847244263e-02
3.296806663274765015e-02 3.289096802473068237e-02
3.292994201183319092e-02 3.259617835283279419e-02
3.301028907299041748e-02 3.302909806370735168e-02
3.301715105772018433e-02 3.305681422352790833e-02
3.302111476659774780e-02 3.327014297246932983e-02
3.299928456544876099e-02 3.297704830765724182e-02
3.296521678566932678e-02 3.274791687726974487e-02
3.352617472410202026e-02 3.655077517032623291e-02
3.296783939003944397e-02 3.313595056533813477e-02
3.310435637831687927e-02 3.359672799706459045e-02
3.305800631642341614e-02 3.341336548328399658e-02
3.302752226591110229e-02 3.304647281765937805e-02
3.306965529918670654e-02 3.366800770163536072e-02
3.305883333086967468e-02 3.321914002299308777e-02
3.309606388211250305e-02 3.375824168324470520e-02
3.307205811142921448e-02 3.350669145584106445e-02
3.330262377858161926e-02 3.566437214612960815e-02
3.299901634454727173e-02 3.284475952386856079e-02
3.306803852319717407e-02 3.360898047685623169e-02
3.332946822047233582e-02 3.426230698823928833e-02
3.305187076330184937e-02 3.365423530340194702e-02
3.294316679239273071e-02 3.255608305335044861e-02
3.301810845732688904e-02 3.322741016745567322e-02
3.295570984482765198e-02 3.276055678725242615e-02
3.305450826883316040e-02 3.340990096330642700e-02
3.317948058247566223e-02 3.426620736718177795e-02
3.305653482675552368e-02 3.339941799640655518e-02
3.297997638583183289e-02 3.297809511423110962e-02
3.301115706562995911e-02 3.322398662567138672e-02
3.307629376649856567e-02 3.428392484784126282e-02
3.310927003622055054e-02 3.531567752361297607e-02
3.152074664831161499e-02 2.765532582998275757e-02
3.290400654077529907e-02 3.290084376931190491e-02
3.269227221608161926e-02 3.195561096072196960e-02
3.269878029823303223e-02 3.183634206652641296e-02
3.292669728398323059e-02 3.309786319732666016e-02
3.296710923314094543e-02 3.219750151038169861e-02
3.308265656232833862e-02 3.276327624917030334e-02
3.300285711884498596e-02 3.214481845498085022e-02
3.306483849883079529e-02 3.253061696887016296e-02
3.284955769777297974e-02 3.178679570555686951e-02
3.303749114274978638e-02 3.233884274959564209e-02
3.281562402844429016e-02 3.164348378777503967e-02
3.252270817756652832e-02 2.688072994351387024e-02
3.288990259170532227e-02 3.188844770193099976e-02
3.286745399236679077e-02 3.191131353378295898e-02
3.257935494184494019e-02 3.014013916254043579e-02
3.231659531593322754e-02 2.911561541259288788e-02
3.254389390349388123e-02 3.000030666589736938e-02
3.262295946478843689e-02 3.050881624221801758e-02
3.349645808339118958e-02 3.773360326886177063e-02
3.358310088515281677e-02 3.847061097621917725e-02
3.256921470165252686e-02 2.906762808561325073e-02
3.265440836548805237e-02 2.993091940879821777e-02
3.230774030089378357e-02 2.818838506937026978e-02
3.139086812734603882e-02 2.202459424734115601e-02
3.238680213689804077e-02 2.874694392085075378e-02
3.257926180958747864e-02 2.968377433717250824e-02
3.276865184307098389e-02 3.101436607539653778e-02
3.280897065997123718e-02 3.103479370474815369e-02
3.289501368999481201e-02 3.180510923266410828e-02
3.276104480028152466e-02 3.069537319242954254e-02
3.292012587189674377e-02 3.179626539349555969e-02
3.284209221601486206e-02 3.160200640559196472e-02
3.273960947990417480e-02 3.107356838881969452e-02
3.272238373756408691e-02 3.094245679676532745e-02
3.275262191891670227e-02 3.110052831470966339e-02
3.219310566782951355e-02 2.542963251471519470e-02
3.279222548007965088e-02 3.159384801983833313e-02
3.288735821843147278e-02 3.174433857202529907e-02
3.293331712484359741e-02 3.218122199177742004e-02
3.279298916459083557e-02 3.116922080516815186e-02
3.281185775995254517e-02 3.119908645749092102e-02
3.272821381688117981e-02 3.073860518634319305e-02
3.271682560443878174e-02 3.067873977124691010e-02
3.278630226850509644e-02 3.103681094944477081e-02
3.285001590847969055e-02 3.161995857954025269e-02
3.293493017554283142e-02 3.220059350132942200e-02
3.298458084464073181e-02 3.267129510641098022e-02
3.458671271800994873e-02 4.504788666963577271e-02
3.300053253769874573e-02 3.290598466992378235e-02
3.291528671979904175e-02 3.248935937881469727e-02
3.298301622271537781e-02 3.294377028942108154e-02
3.301889821887016296e-02 3.320386260747909546e-02
3.295799717307090759e-02 3.262309730052947998e-02
3.300640359520912170e-02 3.301439806818962097e-02
3.293613716959953308e-02 3.242275863885879517e-02
3.294975310564041138e-02 3.245734795928001404e-02
3.304519876837730408e-02 3.317564353346824646e-02
3.297650441527366638e-02 3.281792998313903809e-02
3.296866267919540405e-02 3.286989405751228333e-02
3.427803516387939453e-02 4.209180921316146851e-02
3.300609812140464783e-02 3.287310525774955750e-02
3.307232633233070374e-02 3.351303562521934509e-02
3.307228162884712219e-02 3.354576230049133301e-02
3.298156708478927612e-02 3.284691274166107178e-02
3.308613598346710205e-02 3.332546725869178772e-02
3.294840082526206970e-02 3.261619806289672852e-02
3.307250887155532837e-02 3.345409035682678223e-02
3.315839543938636780e-02 3.461797907948493958e-02
3.292556852102279663e-02 3.267331048846244812e-02
3.295002505183219910e-02 3.275087475776672363e-02
3.296390548348426819e-02 3.261040896177291870e-02
3.254462033510208130e-02 3.038040734827518463e-02
3.293502703309059143e-02 3.242124989628791809e-02
3.304314985871315002e-02 3.317597880959510803e-02
3.293349593877792358e-02 3.245660290122032166e-02
3.291460499167442322e-02 3.228313475847244263e-02
3.290463611483573914e-02 3.232051804661750793e-02
3.297580033540725708e-02 3.276564925909042358e-02
3.301682323217391968e-02 3.321064263582229614e-02
3.299945220351219177e-02 3.292841836810112000e-02
3.302812948822975159e-02 3.304295614361763000e-02
3.306872770190238953e-02 3.339321166276931763e-02
3.306237608194351196e-02 3.329674154520034790e-02
3.397311642765998840e-02 4.062452167272567749e-02
3.310374915599822998e-02 3.378672525286674500e-02
3.306464850902557373e-02 3.325678035616874695e-02
3.299383074045181274e-02 3.273288905620574951e-02
3.304179385304450989e-02 3.314401954412460327e-02
3.299072012305259705e-02 3.276064619421958923e-02
3.297072649002075195e-02 3.261586651206016541e-02
3.299041837453842163e-02 3.277858719229698181e-02
3.292290121316909790e-02 3.226675465703010559e-02
3.296293318271636963e-02 3.252265974879264832e-02
3.292346000671386719e-02 3.214410692453384399e-02
3.290421143174171448e-02 3.205929696559906006e-02
3.334448486566543579e-02 3.487014397978782654e-02
3.289081528782844543e-02 3.190751001238822937e-02
3.286413848400115967e-02 3.147378936409950256e-02
3.275990113615989685e-02 3.085917048156261444e-02
3.277336433529853821e-02 3.079167939722537994e-02
3.275001421570777893e-02 3.064865432679653168e-02
3.285562992095947266e-02 3.137381002306938171e-02
3.282614424824714661e-02 3.117121011018753052e-02
3.280507773160934448e-02 3.121590241789817810e-02
3.273508325219154358e-02 3.064391389489173889e-02
3.277626633644104004e-02 3.110997378826141357e-02
3.278410062193870544e-02 3.116492554545402527e-02
3.334774449467658997e-02 3.459817916154861450e-02
3.292543813586235046e-02 3.231848031282424927e-02
3.289994224905967712e-02 3.226888179779052734e-02
3.289344906806945801e-02 3.219152241945266724e-02
3.307573497295379639e-02 3.351223841309547424e-02
3.302244469523429871e-02 3.291025385260581970e-02
3.307269141077995300e-02 3.363143280148506165e-02
3.292129561305046082e-02 3.233321011066436768e-02
3.300743177533149719e-02 3.281873464584350586e-02
3.297599405050277710e-02 3.283791989088058472e-02
3.294952958822250366e-02 3.251188993453979492e-02
3.288438916206359863e-02 3.202329576015472412e-02
3.290121629834175110e-02 3.189395740628242493e-02
3.288823366165161133e-02 3.220849484205245972e-02
3.309762105345726013e-02 3.360102698206901550e-02
3.287935256958007812e-02 3.202962502837181091e-02
3.312250226736068726e-02 3.379075229167938232e-02
3.302460536360740662e-02 3.315788134932518005e-02
3.302202001214027405e-02 3.314960375428199768e-02
3.307897970080375671e-02 3.351495787501335144e-02
3.341855853796005249e-02 3.668252378702163696e-02
3.299836441874504089e-02 3.306154161691665649e-02
3.305307030677795410e-02 3.330175951123237610e-02
3.302182629704475403e-02 3.307037428021430969e-02
3.481015190482139587e-02 4.701631516218185425e-02
3.304233402013778687e-02 3.299370408058166504e-02
3.294080868363380432e-02 3.241755440831184387e-02
3.306723013520240784e-02 3.285516798496246338e-02
3.301035240292549133e-02 3.280055895447731018e-02
3.303169086575508118e-02 3.291380777955055237e-02
3.302735835313796997e-02 3.285374492406845093e-02
3.422251343727111816e-02 4.327276349067687988e-02
3.290424495935440063e-02 3.217697516083717346e-02
3.289316222071647644e-02 3.236929327249526978e-02
3.286828100681304932e-02 3.195814415812492371e-02
3.293420374393463135e-02 3.239062801003456116e-02
3.425098583102226257e-02 4.262223467230796814e-02
3.291952610015869141e-02 3.240253776311874390e-02
3.293995186686515808e-02 3.244122490286827087e-02
3.283847868442535400e-02 3.172848001122474670e-02
3.282803297042846680e-02 3.176257386803627014e-02
3.281281143426895142e-02 3.147507831454277039e-02
3.268527984619140625e-02 3.049224615097045898e-02
3.270114958286285400e-02 3.047441132366657257e-02
3.262578323483467102e-02 2.959118597209453583e-02
3.263140097260475159e-02 2.942409738898277283e-02
3.254094719886779785e-02 2.861032634973526001e-02
3.256500884890556335e-02 2.875663898885250092e-02
3.255523741245269775e-02 2.757226303219795227e-02
3.262466937303543091e-02 2.878404594957828522e-02
3.264947235584259033e-02 2.878145128488540649e-02
3.257773444056510925e-02 2.801750227808952332e-02
3.257871046662330627e-02 2.743434719741344452e-02
3.249072283506393433e-02 2.570416592061519623e-02
3.249142691493034363e-02 2.549202926456928253e-02
3.259159252047538757e-02 2.694524638354778290e-02
3.304029628634452820e-02 3.151811659336090088e-02
3.309711441397666931e-02 3.305940702557563782e-02
3.291800245642662048e-02 3.253497555851936340e-02
3.288416936993598938e-02 3.219870850443840027e-02
3.262221813201904297e-02 3.151313960552215576e-02
3.288643434643745422e-02 3.223768621683120728e-02
3.285680338740348816e-02 3.223178908228874207e-02
3.288275748491287231e-02 3.243295103311538696e-02
3.296697139739990234e-02 3.302191570401191711e-02
3.305656462907791138e-02 3.380282595753669739e-02
3.307036310434341431e-02 3.391103446483612061e-02
3.307681903243064880e-02 3.422960638999938965e-02
3.292434662580490112e-02 3.266128525137901306e-02
3.293592110276222229e-02 3.274988010525703430e-02
3.300594538450241089e-02 3.343479335308074951e-02
3.277292475104331970e-02 3.162952885031700134e-02
3.324834629893302917e-02 3.681335598230361938e-02
3.286718204617500305e-02 3.238248452544212341e-02
3.279325366020202637e-02 3.216402977705001831e-02
3.276859968900680542e-02 3.220200911164283752e-02
3.290681913495063782e-02 3.321284428238868713e-02
3.305299952626228333e-02 3.319106251001358032e-02
3.307898715138435364e-02 3.327224403619766235e-02
3.308460861444473267e-02 3.297699242830276489e-02
3.305691108107566833e-02 3.330026566982269287e-02
3.296921774744987488e-02 3.284665197134017944e-02
3.298364952206611633e-02 3.307917714118957520e-02
3.301915153861045837e-02 3.305368125438690186e-02
3.285729885101318359e-02 3.551039472222328186e-02
3.305839002132415771e-02 3.362784907221794128e-02
3.316956385970115662e-02 3.450831770896911621e-02
3.310315683484077454e-02 3.349525108933448792e-02
3.307389840483665466e-02 3.367959335446357727e-02
3.300861641764640808e-02 3.325580805540084839e-02
3.347179293632507324e-02 3.769345581531524658e-02
3.301920741796493530e-02 3.308564797043800354e-02
3.337416797876358032e-02 3.551559895277023315e-02
3.320186585187911987e-02 3.296213597059249878e-02
3.320852294564247131e-02 3.365533053874969482e-02
3.303918987512588501e-02 3.326427191495895386e-02
3.585018590092658997e-02 5.736432224512100220e-02
3.273038566112518311e-02 3.255289793014526367e-02
3.264446184039115906e-02 3.169832006096839905e-02
3.275674954056739807e-02 3.226720914244651794e-02
3.270927816629409790e-02 3.174984082579612732e-02
3.294590860605239868e-02 3.273111581802368164e-02
3.289775550365447998e-02 3.216784819960594177e-02
3.303106874227523804e-02 3.292571753263473511e-02
3.294692933559417725e-02 3.239107877016067505e-02
3.296327218413352966e-02 3.257922828197479248e-02
3.296928480267524719e-02 3.274476900696754456e-02
3.293475881218910217e-02 3.280166164040565491e-02
3.238537907600402832e-02 2.755414694547653198e-02
3.289997205138206482e-02 3.232387825846672058e-02
3.290799632668495178e-02 3.229986503720283508e-02
3.292736038565635681e-02 3.237381950020790100e-02
3.295808658003807068e-02 3.255579248070716858e-02
3.301655128598213196e-02 3.287757560610771179e-02
3.302524238824844360e-02 3.276691958308219910e-02
3.298297151923179626e-02 3.255251422524452209e-02
3.294011205434799194e-02 3.231320530176162720e-02
3.302175179123878479e-02 3.308678045868873596e-02
3.294228017330169678e-02 3.255827352404594421e-02
3.295342251658439636e-02 3.269320726394653320e-02
3.269198536872863770e-02 2.939062193036079407e-02
3.295118734240531921e-02 3.255967423319816589e-02
3.288841247558593750e-02 3.213829547166824341e-02
3.288481757044792175e-02 3.208409622311592102e-02
3.286971151828765869e-02 3.187649324536323547e-02
3.297884762287139893e-02 3.276040405035018921e-02
3.281546011567115784e-02 3.143033757805824280e-02
3.296638280153274536e-02 3.259608522057533264e-02
3.297650814056396484e-02 3.250215202569961548e-02
3.290596604347229004e-02 3.214306011795997620e-02
3.291755542159080505e-02 3.210365399718284607e-02
3.282545879483222961e-02 3.165319561958312988e-02
3.251348808407783508e-02 2.897369861602783203e-02
3.284721076488494873e-02 3.181460872292518616e-02
3.275038301944732666e-02 3.103959746658802032e-02
3.289496898651123047e-02 3.202012181282043457e-02
3.285321220755577087e-02 3.158205375075340271e-02
3.273942694067955017e-02 3.081656619906425476e-02
3.277741745114326477e-02 3.121987916529178619e-02
3.278872370719909668e-02 3.133548796176910400e-02
3.273731470108032227e-02 3.092375211417675018e-02
3.275132924318313599e-02 3.120139800012111664e-02
3.279366344213485718e-02 3.123442456126213074e-02
3.275017067790031433e-02 3.106904402375221252e-02
3.196932375431060791e-02 2.494177781045436859e-02
3.272367268800735474e-02 3.089452162384986877e-02
3.273922577500343323e-02 3.089461475610733032e-02
3.276709094643592834e-02 3.111184947192668915e-02
3.269921988248825073e-02 3.085643798112869263e-02
3.273693844676017761e-02 3.079049102962017059e-02
3.258728235960006714e-02 2.997627668082714081e-02
3.279127925634384155e-02 3.112582676112651825e-02
3.262714669108390808e-02 3.024818003177642822e-02
3.278249502182006836e-02 3.096873871982097626e-02
3.273165971040725708e-02 3.096145391464233398e-02
3.274659067392349243e-02 3.099346905946731567e-02
3.233789652585983276e-02 2.815858647227287292e-02
3.274950012564659119e-02 3.088042885065078735e-02
3.269880637526512146e-02 3.081757947802543640e-02
3.275696933269500732e-02 3.092123195528984070e-02
3.270544484257698059e-02 3.068709000945091248e-02
3.280639275908470154e-02 3.125273063778877258e-02
3.270597383379936218e-02 3.075907006859779358e-02
3.285663202404975891e-02 3.177706524729728699e-02
3.272449970245361328e-02 3.079176880419254303e-02
3.274460881948471069e-02 3.133720904588699341e-02
3.280571848154067993e-02 3.137579932808876038e-02
3.280464187264442444e-02 3.159233927726745605e-02
3.256393596529960632e-02 2.861855179071426392e-02
3.290237858891487122e-02 3.233576938509941101e-02
3.297989815473556519e-02 3.369450941681861877e-02
3.282089531421661377e-02 3.176343068480491638e-02
3.280493617057800293e-02 3.143514320254325867e-02
3.286402300000190735e-02 3.222173079848289490e-02
3.278942778706550598e-02 3.188405558466911316e-02
3.287629410624504089e-02 3.169509023427963257e-02
3.285553678870201111e-02 3.246685117483139038e-02
3.305348008871078491e-02 3.273906931281089783e-02
3.282398730516433716e-02 3.215200826525688171e-02
3.289287537336349487e-02 3.209612146019935608e-02
3.268283605575561523e-02 3.024244681000709534e-02
3.295414522290229797e-02 3.229054063558578491e-02
3.290933370590209961e-02 3.231916204094886780e-02
3.277911618351936340e-02 3.143914416432380676e-02
3.280086070299148560e-02 3.176027908921241760e-02
3.285562619566917419e-02 3.223070129752159119e-02
3.279859945178031921e-02 3.168506920337677002e-02
3.295329213142395020e-02 3.277840092778205872e-02
3.290074318647384644e-02 3.221409022808074951e-02
3.292233869433403015e-02 3.221857547760009766e-02
3.284281119704246521e-02 3.164882585406303406e-02
3.291720896959304810e-02 3.249139338731765747e-02
3.245393186807632446e-02 2.990921586751937866e-02
3.294738382101058960e-02 3.266364336013793945e-02
3.300023451447486877e-02 3.304320201277732849e-02
3.301991894841194153e-02 3.308923915028572083e-02
3.290654718875885010e-02 3.246544674038887024e-02
3.298049420118331909e-02 3.279791772365570068e-02
3.300494700670242310e-02 3.283357620239257812e-02
3.297132253646850586e-02 3.259836882352828979e-02
3.291523084044456482e-02 3.243051469326019287e-02
3.286431357264518738e-02 3.194329142570495605e-02
3.289936482906341553e-02 3.234955668449401855e-02
3.284789621829986572e-02 3.182163089513778687e-02
3.340729326009750366e-02 3.518434986472129822e-02
3.288341686129570007e-02 3.208964690566062927e-02
3.289742022752761841e-02 3.210159018635749817e-02
3.282566741108894348e-02 3.155400604009628296e-02
3.285101428627967834e-02 3.166396915912628174e-02
3.279854357242584229e-02 3.110420517623424530e-02
3.285437822341918945e-02 3.145994618535041809e-02
3.288564458489418030e-02 3.173027932643890381e-02
3.287923708558082581e-02 3.171091899275779724e-02
3.288834169507026672e-02 3.176741302013397217e-02
3.289685398340225220e-02 3.208082914352416992e-02
3.294070065021514893e-02 3.250201046466827393e-02
3.281615674495697021e-02 2.976811304688453674e-02
3.289396315813064575e-02 3.220160305500030518e-02
3.293883800506591797e-02 3.249440342187881470e-02
3.288745880126953125e-02 3.192501515150070190e-02
3.292489051818847656e-02 3.247654810547828674e-02
3.285939618945121765e-02 3.181462362408638000e-02
3.285633772611618042e-02 3.200470283627510071e-02
3.279400244355201721e-02 3.123789094388484955e-02
3.282220661640167236e-02 3.147165477275848389e-02
3.278389200568199158e-02 3.123920410871505737e-02
3.270176053047180176e-02 3.057118318974971771e-02
3.276302292943000793e-02 3.093463927507400513e-02
3.318860381841659546e-02 3.418730571866035461e-02
3.269778192043304443e-02 3.045114688575267792e-02
3.281374275684356689e-02 3.150249272584915161e-02
3.266388922929763794e-02 3.053127974271774292e-02
3.276786208152770996e-02 3.118344768881797791e-02
3.274610638618469238e-02 3.124941326677799225e-02
3.282830864191055298e-02 3.181530535221099854e-02
3.281214460730552673e-02 3.164901211857795715e-02
3.282165899872779846e-02 3.164253011345863342e-02
3.281299024820327759e-02 3.152471408247947693e-02
3.271536529064178467e-02 3.068758361041545868e-02
3.279327973723411560e-02 3.139851987361907959e-02
3.476906195282936096e-02 4.482625424861907959e-02
3.275379911065101624e-02 3.121107071638107300e-02
3.258316218852996826e-02 3.005874902009963989e-02
3.261512145400047302e-02 3.035129606723785400e-02
3.271761164069175720e-02 3.072168678045272827e-02
3.270329162478446960e-02 3.080456703901290894e-02
3.278316184878349304e-02 3.129434213042259216e-02
3.278875350952148438e-02 3.129383549094200134e-02
3.291475400328636169e-02 3.212653473019599915e-02
3.278551995754241943e-02 3.131347894668579102e-02
3.285482153296470642e-02 3.176932409405708313e-02
3.284882009029388428e-02 3.178325667977333069e-02
3.309989348053932190e-02 3.234578296542167664e-02
3.287584334611892700e-02 3.210158646106719971e-02
3.283235803246498108e-02 3.175878524780273438e-02
3.284473717212677002e-02 3.181784227490425110e-02
3.285041451454162598e-02 3.178192675113677979e-02
3.285827115178108215e-02 3.181590512394905090e-02
3.284388408064842224e-02 3.156163543462753296e-02
3.282170742750167847e-02 3.132546693086624146e-02
3.287932649254798889e-02 3.167702257633209229e-02
3.276731073856353760e-02 3.082647919654846191e-02
3.275090083479881287e-02 3.100142814218997955e-02
3.270978108048439026e-02 3.022452071309089661e-02
3.301547840237617493e-02 3.196405246853828430e-02
3.268375620245933533e-02 3.008653223514556885e-02
3.271426633000373840e-02 3.025385364890098572e-02
3.270081803202629089e-02 3.013102337718009949e-02
3.262242302298545837e-02 2.932352200150489807e-02
3.259503468871116638e-02 2.896739728748798370e-02
3.250908106565475464e-02 2.818726748228073120e-02
3.260385990142822266e-02 2.856658585369586945e-02
3.247771039605140686e-02 2.750691957771778107e-02
3.246955573558807373e-02 2.719315886497497559e-02
3.264674544334411621e-02 2.904025651514530182e-02
3.277494385838508606e-02 3.058631718158721924e-02
3.251326456665992737e-02 2.948002517223358154e-02
3.272822126746177673e-02 3.074852004647254944e-02
3.280005976557731628e-02 3.120834380388259888e-02
3.285862505435943604e-02 3.158059716224670410e-02
3.291111066937446594e-02 3.206349164247512817e-02
3.262772038578987122e-02 2.982232719659805298e-02
3.270713239908218384e-02 3.036470897495746613e-02
3.272036835551261902e-02 3.062817454338073730e-02
3.272717818617820740e-02 3.059334307909011841e-02
3.267410025000572205e-02 3.008793666958808899e-02
3.259846195578575134e-02 2.982306852936744690e-02
3.263139724731445312e-02 2.934067323803901672e-02
3.253196552395820618e-02 2.818822301924228668e-02
3.261473029851913452e-02 2.945208176970481873e-02
3.261930122971534729e-02 2.955334819853305817e-02
3.250754997134208679e-02 2.889002859592437744e-02
3.244003653526306152e-02 2.829501405358314514e-02
3.251738846302032471e-02 2.885301038622856140e-02
3.244381770491600037e-02 2.807324565947055817e-02
3.249631077051162720e-02 2.853809669613838196e-02
3.247528523206710815e-02 2.845340780913829803e-02
3.250071778893470764e-02 2.888355776667594910e-02
3.265100717544555664e-02 2.997579425573348999e-02
3.268210962414741516e-02 3.049932047724723816e-02
3.262370079755783081e-02 2.919663861393928528e-02
3.273436799645423889e-02 3.101518377661705017e-02
3.279735147953033447e-02 3.115756809711456299e-02
3.286947309970855713e-02 3.175026178359985352e-02
3.281926736235618591e-02 3.138730674982070923e-02
3.273154422640800476e-02 3.098683990538120270e-02
3.278446197509765625e-02 3.131332993507385254e-02
3.273689001798629761e-02 3.092307224869728088e-02
3.281221538782119751e-02 3.169930353760719299e-02
3.282365202903747559e-02 3.169867768883705139e-02
3.284125030040740967e-02 3.180265426635742188e-02
3.298620507121086121e-02 3.266491740942001343e-02
3.255666419863700867e-02 2.816417440772056580e-02
3.299393877387046814e-02 3.259901702404022217e-02
3.287277743220329285e-02 3.186719492077827454e-02
3.288585692644119263e-02 3.207553923130035400e-02
3.284985199570655823e-02 3.171819448471069336e-02
3.295515105128288269e-02 3.280968219041824341e-02
3.298609331250190735e-02 3.284304961562156677e-02
3.295323997735977173e-02 3.263124823570251465e-02
3.305130824446678162e-02 3.312122821807861328e-02
3.286457061767578125e-02 3.189355507493019104e-02
3.292541578412055969e-02 3.227546438574790955e-02
3.298869356513023376e-02 3.256675601005554199e-02
3.372190892696380615e-02 3.726000711321830750e-02
3.306945413351058960e-02 3.343373164534568787e-02
3.307107836008071899e-02 3.376875817775726318e-02
3.310384228825569153e-02 3.339016065001487732e-02
3.317042067646980286e-02 3.394743055105209351e-02
3.318928927183151245e-02 3.393402323126792908e-02
3.330789506435394287e-02 3.510841727256774902e-02
3.325020521879196167e-02 3.473260998725891113e-02
3.330314531922340393e-02 3.510278090834617615e-02
3.329860791563987732e-02 3.495495021343231201e-02
3.334080427885055542e-02 3.507819026708602905e-02
3.335565328598022461e-02 3.539251536130905151e-02
3.567487746477127075e-02 5.150635167956352234e-02
3.342884033918380737e-02 3.573611006140708923e-02
3.376536071300506592e-02 3.793824464082717896e-02
3.375542536377906799e-02 3.789671137928962708e-02
3.384074941277503967e-02 3.847001865506172180e-02
3.375874459743499756e-02 3.781316801905632019e-02
3.383421897888183594e-02 3.850706666707992554e-02
3.376755863428115845e-02 3.830346837639808655e-02
3.387570008635520935e-02 3.902234509587287903e-02
3.386933729052543640e-02 3.855842351913452148e-02
3.373202681541442871e-02 3.781682252883911133e-02
3.381087630987167358e-02 3.823594748973846436e-02
3.406845033168792725e-02 3.850652649998664856e-02
3.365766629576683044e-02 3.721588850021362305e-02
3.355916962027549744e-02 3.675198554992675781e-02
3.348480910062789917e-02 3.619930148124694824e-02
3.355311974883079529e-02 3.655933216214179993e-02
3.350663930177688599e-02 3.623859211802482605e-02
3.341910615563392639e-02 3.558922186493873596e-02
3.349420055747032166e-02 3.586607426404953003e-02
3.342306613922119141e-02 3.556265681982040405e-02
3.339621424674987793e-02 3.538763150572776794e-02
3.338403999805450439e-02 3.511179983615875244e-02
3.334598615765571594e-02 3.491166979074478149e-02
3.458801656961441040e-02 4.230141639709472656e-02
3.338224813342094421e-02 3.515662252902984619e-02
3.330117091536521912e-02 3.459505736827850342e-02
3.328445553779602051e-02 3.432814404368400574e-02
3.345087543129920959e-02 3.590520843863487244e-02
3.340658545494079590e-02 3.505410626530647278e-02
3.335621580481529236e-02 3.458999469876289368e-02
3.307362645864486694e-02 3.256298229098320007e-02
3.329146280884742737e-02 3.387530148029327393e-02
3.304325416684150696e-02 3.201561421155929565e-02
3.318127244710922241e-02 3.289084881544113159e-02
3.323649242520332336e-02 3.281513974070549011e-02
3.414127603173255920e-02 3.657113015651702881e-02
3.320419043302536011e-02 3.253275528550148010e-02
3.337632119655609131e-02 3.378800302743911743e-02
3.359115496277809143e-02 3.459446877241134644e-02
3.346426412463188171e-02 3.334365785121917725e-02
3.362288326025009155e-02 3.412279859185218811e-02
3.369195014238357544e-02 3.316823765635490417e-02
3.366688266396522522e-02 3.101053833961486816e-02
3.434861823916435242e-02 3.422966971993446350e-02
3.560417145490646362e-02 3.961071372032165527e-02
3.660638630390167236e-02 4.412414133548736572e-02
3.636797145009040833e-02 4.131627455353736877e-02
3.704278543591499329e-02 4.615945741534233093e-02
3.703434765338897705e-02 4.557371139526367188e-02
3.728716820478439331e-02 4.640097171068191528e-02
3.664143010973930359e-02 4.370997473597526550e-02
3.643715381622314453e-02 4.555472731590270996e-02
3.469521179795265198e-02 3.380830958485603333e-02
3.279645368456840515e-02 3.378779813647270203e-02
3.223823755979537964e-02 3.245934471487998962e-02
3.446812182664871216e-02 4.622723162174224854e-02
3.289329260587692261e-02 3.391360864043235779e-02
3.355836495757102966e-02 4.198391735553741455e-02
3.298261389136314392e-02 3.310449421405792236e-02
3.588196262717247009e-02 5.613273382186889648e-02
3.330533951520919800e-02 3.549135848879814148e-02
3.280947729945182800e-02 3.145982697606086731e-02
3.303003311157226562e-02 3.306129574775695801e-02
3.301613777875900269e-02 3.298602998256683350e-02
3.284486010670661926e-02 3.153790533542633057e-02
3.262777999043464661e-02 3.011815436184406281e-02
3.255331516265869141e-02 2.957976609468460083e-02
3.254128620028495789e-02 2.955790422856807709e-02
3.275578841567039490e-02 3.123671002686023712e-02
3.271312639117240906e-02 3.071762248873710632e-02
3.279934450984001160e-02 3.137271106243133545e-02
3.174532949924468994e-02 2.399855852127075195e-02
3.253754228353500366e-02 2.940339595079421997e-02
3.263897448778152466e-02 3.004132024943828583e-02
3.247780352830886841e-02 2.880056016147136688e-02
3.237688168883323669e-02 2.820567414164543152e-02
3.221215307712554932e-02 2.689057402312755585e-02
3.223954886198043823e-02 2.684881538152694702e-02
3.200780972838401794e-02 2.524054236710071564e-02
3.199265524744987488e-02 2.504715882241725922e-02
3.182917088270187378e-02 2.381516993045806885e-02
3.190276026725769043e-02 2.411551028490066528e-02
3.192995861172676086e-02 2.453142404556274414e-02
3.153009340167045593e-02 1.973059400916099548e-02
3.195697814226150513e-02 2.472624182701110840e-02
3.191525116562843323e-02 2.435264363884925842e-02
3.199913352727890015e-02 2.507227286696434021e-02
3.215248510241508484e-02 2.589085884392261505e-02
3.211674094200134277e-02 2.609384059906005859e-02
3.209234029054641724e-02 2.608126401901245117e-02
3.208472207188606262e-02 2.620110474526882172e-02
3.210162743926048279e-02 2.632397599518299103e-02
3.215542435646057129e-02 2.669668570160865784e-02
3.230461478233337402e-02 2.761192992329597473e-02
3.231852874159812927e-02 2.769972011446952820e-02
3.182203695178031921e-02 2.398063242435455322e-02
3.235179558396339417e-02 2.793192304670810699e-02
3.235256299376487732e-02 2.792127057909965515e-02
3.235201537609100342e-02 2.797457575798034668e-02
3.233050554990768433e-02 2.776974439620971680e-02
3.235757723450660706e-02 2.805621363222599030e-02
3.232786431908607483e-02 2.781274728477001190e-02
3.231943771243095398e-02 2.766771428287029266e-02
3.235903754830360413e-02 2.791876345872879028e-02
3.234374895691871643e-02 2.797815762460231781e-02
3.242185711860656738e-02 2.844896540045738220e-02
3.250888735055923462e-02 2.921940013766288757e-02
3.247850015759468079e-02 3.013516217470169067e-02
3.237986564636230469e-02 2.805242873728275299e-02
3.290190547704696655e-02 3.192812949419021606e-02
3.256694972515106201e-02 2.925106137990951538e-02
3.271800652146339417e-02 3.067824803292751312e-02
3.280307725071907043e-02 3.149325773119926453e-02
3.288673982024192810e-02 3.194000571966171265e-02
3.297844529151916504e-02 3.285200521349906921e-02
3.330949321389198303e-02 3.551718220114707947e-02
3.295167908072471619e-02 3.257377445697784424e-02
3.308608010411262512e-02 3.326176106929779053e-02
3.296883776783943176e-02 3.248606622219085693e-02
3.306877240538597107e-02 3.221350908279418945e-02
3.295086324214935303e-02 3.238715603947639465e-02
3.292129561305046082e-02 3.196384757757186890e-02
3.290380537509918213e-02 3.201311826705932617e-02
3.270114958286285400e-02 3.051060810685157776e-02
3.259722143411636353e-02 2.979271300137042999e-02
3.240270167589187622e-02 2.846261672675609589e-02
3.261494636535644531e-02 2.979670278728008270e-02
3.280255943536758423e-02 3.099142946302890778e-02
3.283569961786270142e-02 3.150272741913795471e-02
3.273192420601844788e-02 3.074407950043678284e-02
3.236742690205574036e-02 2.784822322428226471e-02
3.171547129750251770e-02 2.275176905095577240e-02
3.255080431699752808e-02 2.916179224848747253e-02
3.238432854413986206e-02 2.797538787126541138e-02
3.247243911027908325e-02 2.880125120282173157e-02
3.245305642485618591e-02 2.891958877444267273e-02
3.256491571664810181e-02 2.947815880179405212e-02
3.263270109891891479e-02 3.013581410050392151e-02
3.270711004734039307e-02 3.042505681514739990e-02
3.269348293542861938e-02 3.013774193823337555e-02
3.269110247492790222e-02 2.996140159666538239e-02
3.259828314185142517e-02 2.906634286046028137e-02
3.272435441613197327e-02 2.995056286454200745e-02
3.263733163475990295e-02 2.894729748368263245e-02
3.326192125678062439e-02 3.396241366863250732e-02
3.235984966158866882e-02 2.717385813593864441e-02
3.271166980266571045e-02 2.977451868355274200e-02
3.296495601534843445e-02 3.128632903099060059e-02
3.277463838458061218e-02 2.963061071932315826e-02
3.213759511709213257e-02 2.400416508316993713e-02
3.192720189690589905e-02 2.184710092842578888e-02
3.227464482188224792e-02 2.466748282313346863e-02
3.239408880472183228e-02 2.545772865414619446e-02
3.235268592834472656e-02 2.446072176098823547e-02
3.188803046941757202e-02 2.024632506072521210e-02
3.141752630472183228e-02 1.685861870646476746e-02
3.170188888907432556e-02 1.780368760228157043e-02
3.197034448385238647e-02 1.968596503138542175e-02
3.234704211354255676e-02 2.272032573819160461e-02
3.265945985913276672e-02 2.452003583312034607e-02
3.375786542892456055e-02 3.458903357386589050e-02
3.343710303306579590e-02 3.309685364365577698e-02
3.334255889058113098e-02 3.048442676663398743e-02
3.321494907140731812e-02 2.930928207933902740e-02
3.335586562752723694e-02 3.108939900994300842e-02
3.335679695010185242e-02 3.166255727410316467e-02
3.330465778708457947e-02 3.156003728508949280e-02
3.549952805042266846e-02 4.770391434431076050e-02
3.363870456814765930e-02 3.446421772241592407e-02
3.374590352177619934e-02 3.428003937005996704e-02
3.562669828534126282e-02 4.839047044515609741e-02
3.352265059947967529e-02 3.362589702010154724e-02
3.387397900223731995e-02 3.546758741140365601e-02
3.359550237655639648e-02 3.478939086198806763e-02
3.416134789586067200e-02 3.734151646494865417e-02
3.332723677158355713e-02 3.390349447727203369e-02
3.472390025854110718e-02 3.969445079565048218e-02
3.481159731745719910e-02 4.147380962967872620e-02
3.501172736287117004e-02 4.252744093537330627e-02
3.672721609473228455e-02 4.800326749682426453e-02
3.400752320885658264e-02 3.620087355375289917e-02
3.325866907835006714e-02 3.291106969118118286e-02
3.392109647393226624e-02 3.692059218883514404e-02
3.363102674484252930e-02 3.407257050275802612e-02
3.377052396535873413e-02 3.770468384027481079e-02
3.556008636951446533e-02 4.502939432859420776e-02
3.304382413625717163e-02 3.286814689636230469e-02
3.403980284929275513e-02 3.947320580482482910e-02
3.524657711386680603e-02 4.785534739494323730e-02
3.356524556875228882e-02 3.669254854321479797e-02
3.326040878891944885e-02 3.440904989838600159e-02
3.604092821478843689e-02 5.164884030818939209e-02
3.263430669903755188e-02 3.021245449781417847e-02
3.276243060827255249e-02 3.134235367178916931e-02
3.278145194053649902e-02 3.132343292236328125e-02
3.359914198517799377e-02 3.689358010888099670e-02
3.326148167252540588e-02 3.493547439575195312e-02
3.259207680821418762e-02 3.183947876095771790e-02
3.267060220241546631e-02 3.058075904846191406e-02
3.255585953593254089e-02 2.963137626647949219e-02
3.250337764620780945e-02 2.990028262138366699e-02
3.261291608214378357e-02 3.014080971479415894e-02
3.262944892048835754e-02 3.067442029714584351e-02
3.368034586310386658e-02 4.200351610779762268e-02
3.266397491097450256e-02 3.109946660697460175e-02
3.291578963398933411e-02 3.435111418366432190e-02
3.782210871577262878e-02 7.172700762748718262e-02
3.315998986363410950e-02 3.572022914886474609e-02
3.264180570840835571e-02 3.046129643917083740e-02
3.223047778010368347e-02 2.822645008563995361e-02
3.242019563913345337e-02 2.884785458445549011e-02
3.246153518557548523e-02 2.909651398658752441e-02
3.233952820301055908e-02 2.841829136013984680e-02
3.250931203365325928e-02 2.957433834671974182e-02
3.246509283781051636e-02 2.940912917256355286e-02
3.133489191532135010e-02 2.313202247023582458e-02
3.259476274251937866e-02 3.023640438914299011e-02
3.276488184928894043e-02 3.153662756085395813e-02
3.282264620065689087e-02 3.164798021316528320e-02
3.283315524458885193e-02 3.183207660913467407e-02
3.273175284266471863e-02 3.103427402675151825e-02
3.254617750644683838e-02 2.911741659045219421e-02
3.285979479551315308e-02 3.217106312513351440e-02
3.283863514661788940e-02 3.208673372864723206e-02
3.281918913125991821e-02 3.213610127568244934e-02
3.333744406700134277e-02 3.654561191797256470e-02
3.290244191884994507e-02 3.245922923088073730e-02
3.374523296952247620e-02 4.092081636190414429e-02
3.295850008726119995e-02 3.278464078903198242e-02
3.299320116639137268e-02 3.296596929430961609e-02
3.301750123500823975e-02 3.296459093689918518e-02
3.310384601354598999e-02 3.371578082442283630e-02
3.301677107810974121e-02 3.294782340526580811e-02
3.306837007403373718e-02 3.347356244921684265e-02
3.297481685876846313e-02 3.288691490888595581e-02
3.296881169080734253e-02 3.289562091231346130e-02
3.286409005522727966e-02 3.236626833677291870e-02
3.300398215651512146e-02 3.305530920624732971e-02
3.333625197410583496e-02 3.625120967626571655e-02
3.362652286887168884e-02 3.914482146501541138e-02
3.303114697337150574e-02 3.313433378934860229e-02
3.304011747241020203e-02 3.326929733157157898e-02
3.296933323144912720e-02 3.282131999731063843e-02
3.303340077400207520e-02 3.334201872348785400e-02
3.295175731182098389e-02 3.264579549431800842e-02
3.297033905982971191e-02 3.299996256828308105e-02
3.291475772857666016e-02 3.249920904636383057e-02
3.286432102322578430e-02 3.210124000906944275e-02
3.299324959516525269e-02 3.288890048861503601e-02
3.298889100551605225e-02 3.304191678762435913e-02
3.304297104477882385e-02 3.352904319763183594e-02
3.295741975307464600e-02 3.309374675154685974e-02
3.293637558817863464e-02 3.261490911245346069e-02
3.292778134346008301e-02 3.251682221889495850e-02
3.285917639732360840e-02 3.202543407678604126e-02
3.294666856527328491e-02 3.270542621612548828e-02
3.296598047018051147e-02 3.281153365969657898e-02
3.313873335719108582e-02 3.408825024962425232e-02
3.300681710243225098e-02 3.322053700685501099e-02
3.312594443559646606e-02 3.389843925833702087e-02
3.302828222513198853e-02 3.329028189182281494e-02
3.300575539469718933e-02 3.279899060726165771e-02
3.360235691070556641e-02 3.783845156431198120e-02
3.322679549455642700e-02 3.351287543773651123e-02
3.294244781136512756e-02 3.249524906277656555e-02
3.294884413480758667e-02 3.259741887450218201e-02
3.295805677771568298e-02 3.279126435518264771e-02
3.292926400899887085e-02 3.229996189475059509e-02
3.328007459640502930e-02 3.544269129633903503e-02
3.301934152841567993e-02 3.315211087465286255e-02
3.298127278685569763e-02 3.294059634208679199e-02
3.319513425230979919e-02 3.499072417616844177e-02
3.304016590118408203e-02 3.363587334752082825e-02
3.289732336997985840e-02 3.255819901823997498e-02
3.287247195839881897e-02 3.232811763882637024e-02
3.434394299983978271e-02 4.563330113887786865e-02
3.288036584854125977e-02 3.235204517841339111e-02
3.284360095858573914e-02 3.240552917122840881e-02
3.285005316138267517e-02 3.208139166235923767e-02
3.290860354900360107e-02 3.251405805349349976e-02
3.288453817367553711e-02 3.231387212872505188e-02
3.288136050105094910e-02 3.231225535273551941e-02
3.289566189050674438e-02 3.226265683770179749e-02
3.286499902606010437e-02 3.200395405292510986e-02
3.289470076560974121e-02 3.222062438726425171e-02
3.286365419626235962e-02 3.195047751069068909e-02
3.290180861949920654e-02 3.213016688823699951e-02
3.228776529431343079e-02 2.758057601749897003e-02
3.292210027575492859e-02 3.236617520451545715e-02
3.285725787281990051e-02 3.193569928407669067e-02
3.286655619740486145e-02 3.192454576492309570e-02
3.289087116718292236e-02 3.211129456758499146e-02
3.290065750479698181e-02 3.216363489627838135e-02
3.283229842782020569e-02 3.156976774334907532e-02
3.283708170056343079e-02 3.172742575407028198e-02
3.275845572352409363e-02 3.103141672909259796e-02
3.271380439400672913e-02 3.059453517198562622e-02
3.276982530951499939e-02 3.078714199364185333e-02
3.268948569893836975e-02 3.023206070065498352e-02
3.266684710979461670e-02 2.693271264433860779e-02
3.279216215014457703e-02 3.087136708199977875e-02
3.267625719308853149e-02 2.985026687383651733e-02
3.279413655400276184e-02 3.100972808897495270e-02
3.282679989933967590e-02 3.116377629339694977e-02
3.288334608078002930e-02 3.181952610611915588e-02
3.288972750306129456e-02 3.192126750946044922e-02
3.286660462617874146e-02 3.223400190472602844e-02
3.293785080313682556e-02 3.262111544609069824e-02
3.294830396771430969e-02 3.295749798417091370e-02
3.275825455784797668e-02 3.134217858314514160e-02
3.283369541168212891e-02 3.189893811941146851e-02
3.213965147733688354e-02 2.722538448870182037e-02
3.275642916560173035e-02 3.132273256778717041e-02
3.283545747399330139e-02 3.163365647196769714e-02
3.287728130817413330e-02 3.196547552943229675e-02
3.286127746105194092e-02 3.183779865503311157e-02
3.283866494894027710e-02 3.177068009972572327e-02
3.327395021915435791e-02 3.559968620538711548e-02
3.289952501654624939e-02 3.220838680863380432e-02
3.291484713554382324e-02 3.224889561533927917e-02
3.285639733076095581e-02 3.185718506574630737e-02
3.295421227812767029e-02 3.221506997942924500e-02
3.287364169955253601e-02 3.179787844419479370e-02
3.285225480794906616e-02 2.904101647436618805e-02
3.291144222021102905e-02 3.215563297271728516e-02
3.284901008009910583e-02 3.170651569962501526e-02
3.282238170504570007e-02 3.132642805576324463e-02
3.283043205738067627e-02 3.147212415933609009e-02
3.274808824062347412e-02 3.112267516553401947e-02
3.267178311944007874e-02 3.042198531329631805e-02
3.263792768120765686e-02 2.995169535279273987e-02
3.279848024249076843e-02 3.131038695573806763e-02
3.262165188789367676e-02 2.983912825584411621e-02
3.263980150222778320e-02 2.976868860423564911e-02
3.255696594715118408e-02 2.924625575542449951e-02
3.192411363124847412e-02 2.422677725553512573e-02
3.248296678066253662e-02 2.869389392435550690e-02
3.246843442320823669e-02 2.865993790328502655e-02
3.247411921620368958e-02 2.843731455504894257e-02
3.244843706488609314e-02 2.815051190555095673e-02
3.248755261301994324e-02 2.837557345628738403e-02
3.239860013127326965e-02 2.737788297235965729e-02
3.240602463483810425e-02 2.706356160342693329e-02
3.224805369973182678e-02 2.588630840182304382e-02
3.231891989707946777e-02 2.610569261014461517e-02
3.206812962889671326e-02 2.346708253026008606e-02
3.214356675744056702e-02 2.369439788162708282e-02
3.113382309675216675e-02 1.389309763908386230e-02
3.216123208403587341e-02 2.148780971765518188e-02
3.205701336264610291e-02 2.114824578166007996e-02
3.247314691543579102e-02 2.520192041993141174e-02
3.279913961887359619e-02 2.944396436214447021e-02
3.271521627902984619e-02 3.073710389435291290e-02
3.288068994879722595e-02 3.196937218308448792e-02
3.275274112820625305e-02 3.145814687013626099e-02
3.287956491112709045e-02 3.209416195750236511e-02
3.286367282271385193e-02 3.235660493373870850e-02
3.298192843794822693e-02 3.273531422019004822e-02
3.296360373497009277e-02 3.271162509918212891e-02
3.291284665465354919e-02 3.177795186638832092e-02
3.294376656413078308e-02 3.278446197509765625e-02
3.316276520490646362e-02 3.322745859622955322e-02
3.291185572743415833e-02 3.295795619487762451e-02
3.318970650434494019e-02 3.339314833283424377e-02
3.279654309153556824e-02 3.237349167466163635e-02
3.283751383423805237e-02 3.225056827068328857e-02
3.281978145241737366e-02 3.223304823040962219e-02
3.293166682124137878e-02 3.263019397854804993e-02
3.297074511647224426e-02 3.265750780701637268e-02
3.292880207300186157e-02 3.230819478631019592e-02
3.295742347836494446e-02 3.187892958521842957e-02
3.331735357642173767e-02 3.054993785917758942e-02
3.288937732577323914e-02 3.165682777762413025e-02
3.283344954252243042e-02 3.152648732066154480e-02
3.280123695731163025e-02 3.163449093699455261e-02
3.272440657019615173e-02 3.140884637832641602e-02
3.280340507626533508e-02 3.232150897383689880e-02
3.277280554175376892e-02 3.182635456323623657e-02
3.278556466102600098e-02 3.171039372682571411e-02
3.291134908795356750e-02 3.239258751273155212e-02
3.279625996947288513e-02 3.219254687428474426e-02
3.298016265034675598e-02 3.247856348752975464e-02
3.281597420573234558e-02 3.197814524173736572e-02
3.169117495417594910e-02 2.531746774911880493e-02
3.269843012094497681e-02 3.150952607393264771e-02
3.279326111078262329e-02 3.183801099658012390e-02
3.304102271795272827e-02 3.270391747355461121e-02
3.294879570603370667e-02 3.209866210818290710e-02
3.305117040872573853e-02 3.283522278070449829e-02
3.303805366158485413e-02 3.284403681755065918e-02
3.293830528855323792e-02 3.245643153786659241e-02
3.297778964042663574e-02 3.275547176599502563e-02
3.296507894992828369e-02 3.293145820498466492e-02
3.280876576900482178e-02 3.209206834435462952e-02
3.419774025678634644e-02 4.331612214446067810e-02
3.449153900146484375e-02 4.396821558475494385e-02
3.304415568709373474e-02 3.312407806515693665e-02
3.309953212738037109e-02 3.319881111383438110e-02
3.301150724291801453e-02 3.332066535949707031e-02
3.297704458236694336e-02 3.277694061398506165e-02
3.291044756770133972e-02 3.278817608952522278e-02
3.291626274585723877e-02 3.265065327286720276e-02
3.288791328668594360e-02 3.266921266913414001e-02
3.300563246011734009e-02 3.362723812460899353e-02
3.290634229779243469e-02 3.272706270217895508e-02
3.294403478503227234e-02 3.280936926603317261e-02
3.289129212498664856e-02 3.236609324812889099e-02
3.373367339372634888e-02 3.896038234233856201e-02
3.331382200121879578e-02 3.570650517940521240e-02
3.300863876938819885e-02 3.298251703381538391e-02
3.309210017323493958e-02 3.375964239239692688e-02
3.300452232360839844e-02 3.316583111882209778e-02
3.290248662233352661e-02 3.222052007913589478e-02
3.297851979732513428e-02 3.294836357235908508e-02
3.295256569981575012e-02 3.274138271808624268e-02
3.389320895075798035e-02 4.052449390292167664e-02
3.352684527635574341e-02 3.735462576150894165e-02
3.340028971433639526e-02 3.634333983063697815e-02
3.296377137303352356e-02 3.277050331234931946e-02
3.289048746228218079e-02 3.157414495944976807e-02
3.397770598530769348e-02 4.190608859062194824e-02
3.333387523889541626e-02 3.616936132311820984e-02
3.293535485863685608e-02 3.269528597593307495e-02
3.297737240791320801e-02 3.279536962509155273e-02
3.312640264630317688e-02 3.434899821877479553e-02
3.345111384987831116e-02 3.758781775832176208e-02
3.295041620731353760e-02 3.257523849606513977e-02
3.316058963537216187e-02 3.439589217305183411e-02
3.379657864570617676e-02 3.991939127445220947e-02
3.372951596975326538e-02 3.964774683117866516e-02
3.305629640817642212e-02 3.381703794002532959e-02
3.517764806747436523e-02 4.892884567379951477e-02
3.293894603848457336e-02 3.307377547025680542e-02
3.485465422272682190e-02 4.906141757965087891e-02
3.324790671467781067e-02 3.569615259766578674e-02
3.292450308799743652e-02 3.255315124988555908e-02
3.300335630774497986e-02 3.299077600240707397e-02
3.362988308072090149e-02 3.845531120896339417e-02
3.385826945304870605e-02 4.020474851131439209e-02
3.313194587826728821e-02 3.407065197825431824e-02
3.326041623950004578e-02 3.513645753264427185e-02
3.328220546245574951e-02 3.529879078269004822e-02
3.300535306334495544e-02 3.326083719730377197e-02
3.431385010480880737e-02 4.238524287939071655e-02
3.334471955895423889e-02 3.602881357073783875e-02
3.285636380314826965e-02 3.217650949954986572e-02
3.297184035181999207e-02 3.305656835436820984e-02
3.432232886552810669e-02 4.407829046249389648e-02
3.296634554862976074e-02 3.290620818734169006e-02
3.304302319884300232e-02 3.411321714520454407e-02
3.297153860330581665e-02 3.297458961606025696e-02
3.295091167092323303e-02 3.256200626492500305e-02
3.317715227603912354e-02 3.475547954440116882e-02
3.299354389309883118e-02 3.302094340324401855e-02
3.385520726442337036e-02 4.039600118994712830e-02
3.354662656784057617e-02 3.919940069317817688e-02
3.289285302162170410e-02 3.237513452768325806e-02
3.445146232843399048e-02 4.553139954805374146e-02
3.445153683423995972e-02 4.578521102666854858e-02
3.329650685191154480e-02 3.656690940260887146e-02
3.480158746242523193e-02 4.794684052467346191e-02
3.316474333405494690e-02 3.470655530691146851e-02
3.292655199766159058e-02 3.243798762559890747e-02
3.305611759424209595e-02 3.356834873557090759e-02
3.434064984321594238e-02 4.448169842362403870e-02
3.294938802719116211e-02 3.244014456868171692e-02
3.304504603147506714e-02 3.326077759265899658e-02
3.322717174887657166e-02 3.237787634134292603e-02
3.296898677945137024e-02 3.267025575041770935e-02
3.294476121664047241e-02 3.228619322180747986e-02
3.290374204516410828e-02 3.192930668592453003e-02
3.290886431932449341e-02 3.181900829076766968e-02
3.308143094182014465e-02 3.337826952338218689e-02
3.292509913444519043e-02 3.170602396130561829e-02
3.441511467099189758e-02 4.456926137208938599e-02
3.285903111100196838e-02 3.112693130970001221e-02
3.266136348247528076e-02 2.953399345278739929e-02
3.266738355159759521e-02 2.893395535647869110e-02
3.251810744404792786e-02 2.722192555665969849e-02
3.404993936419487000e-02 3.872842714190483093e-02
3.281409665942192078e-02 2.803501486778259277e-02
3.284237533807754517e-02 2.790348418056964874e-02
3.257221356034278870e-02 2.459622547030448914e-02
3.265950828790664673e-02 2.586534060537815094e-02
3.348715975880622864e-02 3.287566825747489929e-02
3.331724181771278381e-02 3.237455338239669800e-02
3.386657685041427612e-02 4.078608378767967224e-02
3.298130631446838379e-02 3.303403034806251526e-02
3.290971368551254272e-02 3.244942799210548401e-02
3.518958389759063721e-02 5.154209583997726440e-02
3.300487250089645386e-02 3.317027166485786438e-02
3.415048494935035706e-02 4.212071746587753296e-02
3.296943008899688721e-02 3.270321339368820190e-02
3.295340761542320251e-02 3.275673091411590576e-02
3.290063142776489258e-02 3.241929784417152405e-02
3.289987146854400635e-02 3.236296400427818298e-02
3.288117423653602600e-02 3.219499811530113220e-02
3.296170383691787720e-02 3.289272263646125793e-02
3.299856930971145630e-02 3.317772597074508667e-02
3.293459117412567139e-02 3.262311220169067383e-02
3.296211734414100647e-02 3.265076503157615662e-02
3.290695324540138245e-02 3.221850842237472534e-02
3.289650008082389832e-02 3.193040564656257629e-02
3.275921195745468140e-02 2.956810407340526581e-02
3.293758630752563477e-02 3.226541355252265930e-02
3.275721520185470581e-02 3.102764673531055450e-02
3.288612142205238342e-02 3.184512630105018616e-02
3.282873332500457764e-02 3.155220299959182739e-02
3.285710141062736511e-02 3.188122808933258057e-02
3.285195305943489075e-02 3.174933791160583496e-02
3.287410363554954529e-02 3.190152347087860107e-02
3.292710334062576294e-02 3.226840868592262268e-02
3.286274895071983337e-02 3.174531459808349609e-02
3.289214149117469788e-02 3.197208419442176819e-02
3.288129717111587524e-02 3.201097995042800903e-02
3.322616219520568848e-02 3.347292542457580566e-02
3.286739811301231384e-02 3.136565536260604858e-02
3.279827907681465149e-02 3.117513470351696014e-02
3.277794644236564636e-02 3.104198724031448364e-02
3.275401145219802856e-02 3.060068935155868530e-02
3.273070231080055237e-02 3.029624745249748230e-02
3.263805806636810303e-02 2.963460050523281097e-02
3.256145119667053223e-02 2.889993786811828613e-02
3.239626809954643250e-02 2.732004597783088684e-02
3.227383643388748169e-02 2.659305557608604431e-02
3.243881091475486755e-02 2.803266979753971100e-02
3.253460675477981567e-02 2.889414504170417786e-02
3.193383663892745972e-02 2.385170385241508484e-02
3.272200748324394226e-02 3.079505078494548798e-02
3.281404823064804077e-02 3.137691691517829895e-02
3.270166367292404175e-02 3.063768148422241211e-02
3.276491910219192505e-02 3.095538169145584106e-02
3.270493447780609131e-02 3.039836138486862183e-02
3.272487595677375793e-02 3.055383451282978058e-02
3.263577446341514587e-02 3.004893660545349121e-02
3.257597610354423523e-02 2.996264584362506866e-02
3.266552463173866272e-02 3.017018362879753113e-02
3.265631571412086487e-02 3.022532165050506592e-02
3.270436078310012817e-02 3.074818104505538940e-02
3.197096660733222961e-02 2.211149409413337708e-02
3.266292437911033630e-02 3.050381690263748169e-02
3.261354193091392517e-02 2.994071692228317261e-02
3.262910991907119751e-02 2.997771278023719788e-02
3.269799053668975830e-02 3.032465465366840363e-02
3.257304430007934570e-02 2.983108535408973694e-02
3.269860520958900452e-02 3.062941133975982666e-02
3.254918754100799561e-02 2.958322688937187195e-02
3.263792395591735840e-02 3.028468042612075806e-02
3.265589848160743713e-02 3.054584935307502747e-02
3.256156295537948608e-02 2.971813827753067017e-02
3.264252096414566040e-02 3.025783970952033997e-02
3.129091113805770874e-02 2.235522493720054626e-02
3.267405182123184204e-02 3.047193773090839386e-02
3.264025226235389709e-02 3.052885830402374268e-02
3.267192095518112183e-02 3.057034313678741455e-02
3.262166678905487061e-02 3.029472194612026215e-02
3.270030021667480469e-02 3.061504103243350983e-02
3.265338391065597534e-02 3.037039190530776978e-02
3.268204629421234131e-02 3.032005950808525085e-02
3.266830742359161377e-02 3.008579835295677185e-02
3.263573721051216125e-02 2.984803169965744019e-02
3.256304562091827393e-02 2.918372303247451782e-02
3.253358975052833557e-02 2.874621748924255371e-02
3.157766908407211304e-02 2.034185454249382019e-02
3.246517479419708252e-02 2.813430316746234894e-02
3.233678638935089111e-02 2.703586593270301819e-02
3.232557699084281921e-02 2.695965766906738281e-02
3.231739625334739685e-02 2.680695988237857819e-02
3.228620067238807678e-02 2.652779407799243927e-02
3.242805600166320801e-02 2.729483693838119507e-02
3.219433501362800598e-02 2.546454221010208130e-02
3.225553408265113831e-02 2.568793669342994690e-02
3.225513920187950134e-02 2.557833306491374969e-02
3.205284476280212402e-02 2.391786500811576843e-02
3.205730393528938293e-02 2.393792755901813507e-02
3.209355846047401428e-02 2.325482852756977081e-02
3.209423646330833435e-02 2.382038906216621399e-02
3.220366314053535461e-02 2.505858987569808960e-02
3.214130923151969910e-02 2.413987368345260620e-02
3.238515183329582214e-02 2.589569240808486938e-02
3.221007809042930603e-02 2.468278631567955017e-02
3.222247585654258728e-02 2.505774050951004028e-02
3.234972059726715088e-02 2.609402127563953400e-02
3.232343122363090515e-02 2.657489106059074402e-02
3.238957747817039490e-02 2.709629014134407043e-02
3.226551786065101624e-02 2.664925530552864075e-02
3.255709260702133179e-02 2.851855941116809845e-02
3.255170956254005432e-02 2.839134633541107178e-02
3.278192132711410522e-02 3.148602694272994995e-02
3.384720906615257263e-02 3.996214643120765686e-02
3.279469534754753113e-02 3.130917996168136597e-02
3.331479057669639587e-02 3.645269572734832764e-02
3.279823437333106995e-02 3.143792599439620972e-02
3.278111293911933899e-02 3.127257898449897766e-02
3.261370584368705750e-02 2.999456040561199188e-02
3.280495479702949524e-02 3.146123141050338745e-02
3.278186172246932983e-02 3.122846409678459167e-02
3.292100876569747925e-02 3.235773742198944092e-02
3.273222222924232483e-02 3.102847002446651459e-02
3.422479704022407532e-02 4.386990517377853394e-02
3.263646364212036133e-02 2.978670783340930939e-02
3.275340050458908081e-02 3.042878024280071259e-02
3.265347704291343689e-02 2.965631149709224701e-02
3.264725580811500549e-02 2.954580821096897125e-02
3.224892169237136841e-02 2.687026187777519226e-02
3.236911818385124207e-02 2.774221822619438171e-02
3.227516263723373413e-02 2.687812596559524536e-02
3.243654221296310425e-02 2.801161818206310272e-02
3.229897841811180115e-02 2.650981023907661438e-02
3.242833167314529419e-02 2.605959773063659668e-02
3.210268914699554443e-02 2.467994764447212219e-02
3.214440494775772095e-02 2.151601575314998627e-02
3.205942735075950623e-02 2.357766032218933105e-02
3.190407902002334595e-02 2.277340553700923920e-02
3.187381103634834290e-02 2.278094738721847534e-02
3.217687830328941345e-02 2.573731914162635803e-02
3.199819102883338928e-02 2.497742697596549988e-02
3.227414935827255249e-02 2.664174884557723999e-02
3.222801908850669861e-02 2.632714435458183289e-02
3.211522102355957031e-02 2.551544457674026489e-02
3.200845792889595032e-02 2.456653490662574768e-02
3.210234642028808594e-02 2.507327869534492493e-02
3.232297673821449280e-02 2.706488780677318573e-02
3.263946250081062317e-02 3.033459186553955078e-02
3.197728097438812256e-02 2.524314634501934052e-02
3.257570043206214905e-02 2.771840430796146393e-02
3.229933977127075195e-02 2.688893489539623260e-02
3.246301412582397461e-02 2.725444547832012177e-02
3.213613480329513550e-02 2.580218762159347534e-02
3.227813169360160828e-02 2.602938190102577209e-02
3.215216845273971558e-02 2.515356242656707764e-02
3.216859698295593262e-02 2.592476457357406616e-02
3.230716288089752197e-02 2.702395617961883545e-02
3.226554021239280701e-02 2.717845514416694641e-02
3.213765472173690796e-02 2.598295919597148895e-02
3.159253671765327454e-02 2.436555922031402588e-02
3.320373222231864929e-02 3.469024971127510071e-02
3.369957581162452698e-02 3.896741941571235657e-02
3.221554309129714966e-02 2.572594583034515381e-02
3.221448883414268494e-02 2.567821368575096130e-02
3.324104472994804382e-02 3.489994630217552185e-02
3.249235451221466064e-02 2.839970961213111877e-02
3.249861299991607666e-02 2.992748469114303589e-02
3.254998475313186646e-02 2.964833378791809082e-02
3.243450820446014404e-02 2.921896986663341522e-02
3.250529244542121887e-02 2.917531132698059082e-02
3.363260254263877869e-02 3.896426782011985779e-02
3.289216011762619019e-02 3.292578831315040588e-02
3.285656869411468506e-02 3.104306384921073914e-02
3.371946513652801514e-02 3.940340876579284668e-02
3.293015062808990479e-02 3.130515292286872864e-02
3.286900743842124939e-02 3.141387179493904114e-02
3.291039913892745972e-02 3.222811222076416016e-02
3.290210291743278503e-02 3.220719099044799805e-02
3.275309875607490540e-02 3.091988526284694672e-02
3.270411491394042969e-02 2.976868674159049988e-02
3.310384973883628845e-02 3.218078240752220154e-02
3.266808763146400452e-02 2.794490754604339600e-02
3.384575992822647095e-02 3.675193712115287781e-02
3.327063098549842834e-02 3.258024528622627258e-02
3.272504359483718872e-02 2.731738612055778503e-02
3.461376577615737915e-02 4.332637041807174683e-02
3.402684628963470459e-02 3.892315179109573364e-02
3.424924239516258240e-02 3.944193571805953979e-02
3.308336809277534485e-02 3.379385545849800110e-02
3.351931646466255188e-02 3.740897029638290405e-02
3.381609916687011719e-02 4.051999375224113464e-02
3.304279223084449768e-02 3.341860324144363403e-02
3.411971405148506165e-02 4.259732365608215332e-02
3.315697610378265381e-02 3.448908030986785889e-02
3.312742337584495544e-02 3.405991941690444946e-02
3.432932123541831970e-02 4.595126584172248840e-02
3.324924781918525696e-02 3.541964292526245117e-02
3.385926783084869385e-02 4.049557819962501526e-02
3.300565108656883240e-02 3.346868231892585754e-02
3.310684487223625183e-02 3.421610593795776367e-02
3.402774035930633545e-02 4.225650802254676819e-02
3.529185429215431213e-02 5.216493457555770874e-02
3.321284428238868713e-02 3.513253107666969299e-02
3.316419944167137146e-02 3.473841026425361633e-02
3.366165235638618469e-02 3.885919600725173950e-02
3.305938839912414551e-02 3.347362950444221497e-02
3.308666124939918518e-02 3.348524868488311768e-02
3.261248022317886353e-02 2.758518978953361511e-02
3.299828246235847473e-02 3.304976224899291992e-02
3.302985429763793945e-02 3.316734358668327332e-02
3.307015076279640198e-02 3.338260948657989502e-02
3.307443857192993164e-02 3.360256180167198181e-02
3.307935968041419983e-02 3.365253284573554993e-02
3.304681926965713501e-02 3.331322222948074341e-02
3.310478106141090393e-02 3.359847143292427063e-02
3.305651620030403137e-02 3.319206461310386658e-02
3.306977450847625732e-02 3.335125371813774109e-02
3.312908485531806946e-02 3.373106196522712708e-02
3.307785838842391968e-02 3.326548635959625244e-02
3.299989923834800720e-02 3.150093927979469299e-02
3.303859010338783264e-02 3.336466848850250244e-02
3.299476951360702515e-02 3.313866630196571350e-02
3.301708400249481201e-02 3.320757299661636353e-02
3.297060728073120117e-02 3.307541459798812866e-02
3.299571573734283447e-02 3.305070847272872925e-02
3.294292092323303223e-02 3.277225419878959656e-02
3.302180767059326172e-02 3.295715898275375366e-02
3.294274583458900452e-02 3.290344029664993286e-02
3.300264850258827209e-02 3.278642892837524414e-02
3.284198418259620667e-02 3.204805403947830200e-02
3.293120488524436951e-02 3.251151368021965027e-02
nan nan
