3.310423344373703003e-02 3.372725099325180054e-02
3.297163918614387512e-02 3.334980830550193787e-02
3.307841345667839050e-02 3.406412154436111450e-02
3.317936137318611145e-02 3.405288234353065491e-02
3.357431665062904358e-02 3.460631147027015686e-02
3.364365920424461365e-02 3.312276676297187805e-02
3.364098444581031799e-02 3.270102664828300476e-02
3.295533731579780579e-02 3.076614439487457275e-02
3.301026672124862671e-02 3.139690309762954712e-02
3.298222646117210388e-02 3.024067170917987823e-02
3.297884389758110046e-02 2.975868619978427887e-02
3.329616412520408630e-02 3.248937800526618958e-02
3.341122344136238098e-02 3.442841023206710815e-02
3.325238078832626343e-02 3.372498229146003723e-02
3.319483995437622070e-02 3.331166133284568787e-02
3.292857855558395386e-02 3.141314163804054260e-02
3.297205641865730286e-02 3.168894723057746887e-02
3.307106345891952515e-02 3.196961432695388794e-02
3.314646705985069275e-02 3.259086608886718750e-02
3.344918787479400635e-02 3.435038775205612183e-02
3.313019871711730957e-02 3.191915526986122131e-02
3.301168233156204224e-02 3.106252662837505341e-02
3.329267725348472595e-02 3.328853845596313477e-02
3.387872874736785889e-02 3.696540370583534241e-02
3.351596742868423462e-02 3.467747196555137634e-02
3.349703922867774963e-02 3.406583890318870544e-02
3.346764668822288513e-02 3.396605700254440308e-02
3.349273651838302612e-02 3.428204730153083801e-02
3.390065580606460571e-02 3.741613775491714478e-02
3.403773903846740723e-02 3.856844455003738403e-02
3.412115573883056641e-02 3.895941004157066345e-02
3.413898125290870667e-02 3.940424695611000061e-02
3.406549245119094849e-02 3.876169025897979736e-02
3.502880036830902100e-02 4.649912938475608826e-02
3.484892845153808594e-02 4.592814669013023376e-02
3.685411065816879272e-02 6.112802028656005859e-02
3.370406106114387512e-02 3.619885444641113281e-02
3.725627437233924866e-02 6.458709388971328735e-02
3.311505168676376343e-02 3.198623657226562500e-02
3.290329501032829285e-02 3.021808527410030365e-02
3.295173496007919312e-02 3.080674447119235992e-02
3.260426595807075500e-02 2.863791212439537048e-02
3.245526552200317383e-02 2.782357297837734222e-02
3.271814435720443726e-02 2.957272902131080627e-02
3.274676203727722168e-02 2.953094616532325745e-02
3.258178383111953735e-02 2.875244989991188049e-02
3.280665725469589233e-02 2.978360280394554138e-02
3.287586942315101624e-02 3.089061938226222992e-02
3.255160897970199585e-02 2.779931761324405670e-02
3.239674493670463562e-02 2.650743722915649414e-02
3.272324055433273315e-02 2.881931699812412262e-02
3.255399689078330994e-02 2.798120677471160889e-02
3.231499716639518738e-02 2.606335841119289398e-02
3.250012546777725220e-02 2.707438170909881592e-02
3.257127851247787476e-02 2.750940434634685516e-02
3.263913840055465698e-02 2.822964824736118317e-02
3.258137404918670654e-02 2.773183025419712067e-02
3.250411897897720337e-02 2.797465212643146515e-02
3.292588517069816589e-02 3.217253461480140686e-02
3.275801986455917358e-02 2.903459221124649048e-02
3.277041018009185791e-02 3.078441321849822998e-02
3.259633854031562805e-02 2.940365113317966461e-02
3.237181529402732849e-02 2.767089381814002991e-02
3.237146511673927307e-02 2.776644006371498108e-02
3.240557387471199036e-02 2.774731069803237915e-02
3.232430666685104370e-02 2.703836560249328613e-02
3.234915435314178467e-02 2.716260775923728943e-02
3.227239474654197693e-02 2.663127705454826355e-02
3.223460167646408081e-02 2.637937292456626892e-02
3.250566497445106506e-02 2.876583300530910492e-02
3.301108255982398987e-02 3.319834172725677490e-02
3.275099769234657288e-02 3.157496452331542969e-02
3.310210630297660828e-02 3.420075029134750366e-02
3.316803276538848877e-02 3.421980515122413635e-02
3.316687420010566711e-02 3.429392352700233459e-02
3.316748887300491333e-02 3.425002470612525940e-02
3.318646177649497986e-02 3.423691540956497192e-02
3.314841911196708679e-02 3.408613428473472595e-02
3.308260440826416016e-02 3.399814665317535400e-02
3.313821181654930115e-02 3.415791317820549011e-02
3.317169845104217529e-02 3.464119881391525269e-02
3.316820785403251648e-02 3.464738652110099792e-02
3.297058865427970886e-02 3.340941295027732849e-02
3.232631459832191467e-02 3.037934750318527222e-02
3.319566696882247925e-02 3.408578783273696899e-02
3.312477096915245056e-02 3.339159116148948669e-02
3.327725082635879517e-02 3.414259850978851318e-02
3.345229849219322205e-02 3.544965386390686035e-02
3.339380770921707153e-02 3.505035862326622009e-02
3.327326849102973938e-02 3.503591939806938171e-02
3.333792090415954590e-02 3.587836399674415588e-02
3.363808989524841309e-02 3.865315392613410950e-02
3.353102877736091614e-02 3.741966187953948975e-02
3.331426531076431274e-02 3.459864854812622070e-02
3.335499018430709839e-02 3.424418717622756958e-02
3.336114063858985901e-02 3.421352058649063110e-02
3.357278555631637573e-02 3.657436370849609375e-02
3.331204131245613098e-02 3.439666330814361572e-02
3.335712477564811707e-02 3.524471446871757507e-02
3.307140246033668518e-02 3.323017060756683350e-02
3.315371274948120117e-02 3.322425484657287598e-02
3.325963765382766724e-02 3.370541706681251526e-02
3.348793834447860718e-02 3.519248962402343750e-02
3.392044827342033386e-02 3.847181424498558044e-02
3.419876843690872192e-02 4.156392440199851990e-02
3.505600616335868835e-02 4.982232302427291870e-02
3.325444832444190979e-02 3.529806062579154968e-02
3.301897644996643066e-02 3.550474718213081360e-02
3.339245915412902832e-02 3.721098974347114563e-02
3.331285715103149414e-02 3.471868857741355896e-02
3.488308936357498169e-02 4.810895770788192749e-02
3.578684478998184204e-02 5.530766025185585022e-02
3.639852628111839294e-02 5.656201392412185669e-02
3.434977307915687561e-02 4.341192543506622314e-02
3.404567018151283264e-02 4.162763059139251709e-02
3.384593874216079712e-02 4.000687599182128906e-02
3.421305492520332336e-02 4.347038269042968750e-02
3.342078626155853271e-02 3.664509207010269165e-02
3.381381556391716003e-02 4.011731594800949097e-02
3.297168016433715820e-02 3.208173066377639771e-02
3.285781294107437134e-02 3.147502616047859192e-02
3.437417745590209961e-02 4.517608508467674255e-02
3.273252025246620178e-02 3.110175579786300659e-02
3.287179023027420044e-02 3.124066628515720367e-02
3.275685384869575500e-02 2.994278818368911743e-02
3.256466984748840332e-02 2.891346439719200134e-02
3.263733536005020142e-02 2.984836697578430176e-02
3.262358531355857849e-02 2.971029281616210938e-02
3.259053826332092285e-02 2.946562692523002625e-02
3.270155191421508789e-02 3.011875040829181671e-02
3.261615335941314697e-02 2.920353785157203674e-02
3.257715329527854919e-02 2.822423540055751801e-02
3.255602717399597168e-02 2.924334257841110229e-02
3.244391083717346191e-02 2.879899181425571442e-02
3.245632350444793701e-02 2.896456979215145111e-02
3.245092928409576416e-02 2.896301820874214172e-02
3.248648345470428467e-02 2.914350107312202454e-02
3.253364562988281250e-02 2.939535304903984070e-02
3.268115594983100891e-02 3.059628233313560486e-02
3.259088099002838135e-02 3.011206537485122681e-02
3.265910223126411438e-02 3.080362640321254730e-02
3.270670771598815918e-02 3.102626651525497437e-02
3.288476169109344482e-02 3.210838884115219116e-02
3.231300041079521179e-02 2.885375171899795532e-02
3.305386379361152649e-02 3.321596235036849976e-02
3.312164917588233948e-02 3.363691642880439758e-02
3.322282060980796814e-02 3.439403697848320007e-02
3.319055587053298950e-02 3.423422202467918396e-02
3.325149044394493103e-02 3.470516577363014221e-02
3.334375470876693726e-02 3.548627346754074097e-02
3.314201906323432922e-02 3.407547250390052795e-02
3.315730765461921692e-02 3.399308770895004272e-02
3.321132808923721313e-02 3.450725972652435303e-02
3.323535993695259094e-02 3.459469974040985107e-02
3.338182345032691956e-02 3.545197471976280212e-02
3.396734222769737244e-02 3.809795156121253967e-02
3.319998085498809814e-02 3.436625376343727112e-02
3.314971178770065308e-02 3.405307233333587646e-02
3.313947096467018127e-02 3.398563712835311890e-02
3.311410173773765564e-02 3.372107446193695068e-02
3.306295722723007202e-02 3.333523124456405640e-02
3.334305435419082642e-02 3.604447469115257263e-02
3.305587917566299438e-02 3.330032527446746826e-02
3.311173617839813232e-02 3.343668580055236816e-02
3.305224701762199402e-02 3.320330753922462463e-02
3.310247883200645447e-02 3.347953408956527710e-02
3.306100890040397644e-02 3.320509940385818481e-02
3.438999131321907043e-02 4.238607361912727356e-02
3.307630121707916260e-02 3.360361605882644653e-02
3.320500627160072327e-02 3.463887050747871399e-02
3.308077901601791382e-02 3.383210301399230957e-02
3.331544250249862671e-02 3.520687669515609741e-02
3.323392197489738464e-02 3.401191160082817078e-02
3.326849639415740967e-02 3.423659503459930420e-02
3.343162685632705688e-02 3.549993038177490234e-02
3.366972506046295166e-02 3.688778728246688843e-02
3.407528623938560486e-02 3.956555575132369995e-02
3.413846343755722046e-02 3.954735398292541504e-02
3.521343320608139038e-02 4.588456079363822937e-02
3.514778241515159607e-02 4.924358427524566650e-02
3.312228992581367493e-02 3.325721248984336853e-02
3.312374278903007507e-02 3.307883441448211670e-02
3.287642821669578552e-02 3.150881454348564148e-02
3.282185643911361694e-02 3.120069205760955811e-02
3.283649310469627380e-02 3.098424896597862244e-02
3.281225264072418213e-02 3.058896213769912720e-02
3.264529630541801453e-02 2.917330525815486908e-02
3.268247097730636597e-02 2.927906066179275513e-02
3.255593031644821167e-02 2.848425507545471191e-02
3.263847157359123230e-02 2.930724807083606720e-02
3.259106352925300598e-02 2.846560627222061157e-02
3.314815834164619446e-02 3.177069127559661865e-02
3.261464834213256836e-02 2.811682969331741333e-02
3.246514499187469482e-02 2.721633389592170715e-02
3.269268572330474854e-02 2.854936942458152771e-02
3.257348760962486267e-02 2.781948260962963104e-02
3.256319463253021240e-02 2.820400893688201904e-02
3.273245319724082947e-02 2.989039570093154907e-02
3.264721482992172241e-02 2.927137166261672974e-02
3.256607055664062500e-02 2.840753644704818726e-02
3.251397237181663513e-02 2.777929976582527161e-02
3.262431919574737549e-02 2.797106839716434479e-02
3.259973973035812378e-02 2.792218700051307678e-02
3.271968290209770203e-02 2.749764546751976013e-02
3.256272152066230774e-02 2.736255340278148651e-02
3.282499313354492188e-02 2.936189062893390656e-02
3.277854248881340027e-02 2.896832674741744995e-02
3.269396349787712097e-02 2.857621386647224426e-02
3.279610350728034973e-02 2.913635596632957458e-02
3.274072334170341492e-02 2.998966723680496216e-02
3.276402875781059265e-02 3.016437590122222900e-02
3.261654078960418701e-02 2.940831705927848816e-02
3.257412463426589966e-02 2.954362332820892334e-02
3.249406814575195312e-02 2.861630357801914215e-02
3.258014470338821411e-02 2.872322686016559601e-02
3.248136863112449646e-02 2.734694629907608032e-02
3.259034454822540283e-02 2.875296585261821747e-02
3.263396769762039185e-02 2.895056828856468201e-02
3.265252336859703064e-02 2.904441021382808685e-02
3.260145336389541626e-02 2.827302925288677216e-02
3.278657048940658569e-02 3.035115636885166168e-02
3.274679929018020630e-02 3.045537881553173065e-02
3.278861567378044128e-02 3.088365681469440460e-02
3.275002539157867432e-02 3.057190217077732086e-02
3.273707628250122070e-02 3.017638996243476868e-02
3.272258490324020386e-02 3.006503731012344360e-02
3.284545987844467163e-02 3.073547966778278351e-02
3.283176571130752563e-02 2.862120792269706726e-02
3.273433446884155273e-02 2.999014221131801605e-02
3.297876194119453430e-02 3.143122419714927673e-02
3.284631669521331787e-02 3.038032166659832001e-02
3.329393640160560608e-02 3.422589972615242004e-02
3.300188109278678894e-02 3.131122142076492310e-02
3.305872529745101929e-02 3.235630691051483154e-02
3.323598578572273254e-02 3.416896238923072815e-02
3.351029381155967712e-02 3.721081092953681946e-02
3.315432742238044739e-02 3.420807421207427979e-02
3.302565589547157288e-02 3.316834941506385803e-02
3.302536532282829285e-02 3.287502005696296692e-02
3.332936391234397888e-02 3.425395861268043518e-02
3.290037438273429871e-02 3.084228560328483582e-02
3.279128670692443848e-02 2.986537665128707886e-02
3.285298869013786316e-02 2.997905574738979340e-02
3.282529488205909729e-02 2.972782962024211884e-02
3.288529813289642334e-02 3.034485504031181335e-02
3.268114477396011353e-02 2.982161194086074829e-02
3.250405564904212952e-02 2.816339768469333649e-02
3.239245340228080750e-02 2.712655067443847656e-02
3.268763795495033264e-02 3.000249527394771576e-02
3.258098289370536804e-02 2.939247712492942810e-02
3.285548835992813110e-02 3.195156157016754150e-02
3.420893102884292603e-02 4.263288155198097229e-02
3.273142874240875244e-02 2.989988774061203003e-02
3.263945132493972778e-02 2.859426662325859070e-02
3.285232931375503540e-02 3.021707385778427124e-02
3.289429843425750732e-02 3.031376190483570099e-02
3.288091719150543213e-02 3.061821497976779938e-02
3.257194533944129944e-02 2.876006066799163818e-02
3.266904875636100769e-02 2.972098067402839661e-02
3.271583840250968933e-02 2.998392283916473389e-02
3.290612250566482544e-02 3.177235648036003113e-02
3.280124440789222717e-02 3.107108920812606812e-02
3.268431127071380615e-02 3.027013875544071198e-02
3.249417617917060852e-02 2.709558419883251190e-02
3.263946622610092163e-02 2.963927015662193298e-02
3.250438719987869263e-02 2.863694354891777039e-02
3.311526402831077576e-02 3.310444951057434082e-02
3.344965726137161255e-02 3.533557429909706116e-02
3.330127522349357605e-02 3.383719921112060547e-02
3.320154920220375061e-02 3.320757299661636353e-02
3.297728672623634338e-02 3.212387859821319580e-02
3.296439349651336670e-02 3.192493692040443420e-02
3.281988576054573059e-02 3.080204129219055176e-02
3.292656317353248596e-02 3.130246698856353760e-02
3.285361453890800476e-02 3.042965941131114960e-02
3.295884653925895691e-02 3.034982457756996155e-02
3.287918493151664734e-02 3.142735362052917480e-02
3.283593431115150452e-02 3.073367103934288025e-02
3.277199715375900269e-02 3.021606057882308960e-02
3.282940387725830078e-02 3.074124082922935486e-02
3.290345519781112671e-02 3.134699538350105286e-02
3.287459164857864380e-02 3.150199726223945618e-02
3.273835405707359314e-02 3.051476739346981049e-02
3.292217850685119629e-02 3.166751936078071594e-02
3.282816335558891296e-02 3.072506375610828400e-02
3.289550170302391052e-02 3.102312423288822174e-02
3.285168856382369995e-02 3.058450110256671906e-02
3.267889842391014099e-02 2.867534756660461426e-02
3.279583901166915894e-02 3.040110692381858826e-02
3.279576078057289124e-02 3.038010001182556152e-02
3.275773301720619202e-02 2.966513484716415405e-02
3.299492597579956055e-02 3.100733831524848938e-02
3.318037465214729309e-02 3.298652172088623047e-02
3.310569003224372864e-02 3.278385102748870850e-02
3.283336386084556580e-02 3.024965152144432068e-02
3.296177834272384644e-02 3.184661641716957092e-02
3.288904577493667603e-02 3.152837604284286499e-02
3.291527926921844482e-02 3.146835044026374817e-02
3.297556191682815552e-02 3.204659000039100647e-02
3.282140940427780151e-02 3.000478446483612061e-02
3.279943764209747314e-02 2.986678108572959900e-02
3.265381604433059692e-02 2.878071554005146027e-02
3.262874111533164978e-02 2.820727229118347168e-02
3.277892991900444031e-02 2.973855659365653992e-02
3.269093856215476990e-02 2.859420329332351685e-02
3.318434208631515503e-02 3.367829322814941406e-02
3.292963653802871704e-02 3.103360161185264587e-02
3.286979719996452332e-02 2.998724579811096191e-02
3.276938199996948242e-02 2.960828319191932678e-02
3.273065015673637390e-02 2.993990667164325714e-02
3.260966762900352478e-02 2.915550768375396729e-02
3.388660401105880737e-02 3.927551954984664917e-02
3.244929388165473938e-02 2.679968625307083130e-02
3.229854255914688110e-02 2.538996934890747070e-02
3.220045939087867737e-02 2.479695528745651245e-02
3.255788981914520264e-02 2.765767090022563934e-02
3.239508718252182007e-02 2.655779756605625153e-02
3.229131549596786499e-02 2.560401335358619690e-02
3.246571123600006104e-02 2.667381614446640015e-02
3.237877041101455688e-02 2.599497884511947632e-02
3.253374993801116943e-02 2.789535745978355408e-02
3.280691057443618774e-02 2.980154938995838165e-02
3.283146768808364868e-02 3.073062561452388763e-02
3.224925324320793152e-02 2.736897580325603485e-02
3.262748569250106812e-02 2.941823750734329224e-02
3.270495682954788208e-02 3.010391257703304291e-02
3.268584981560707092e-02 3.008134849369525909e-02
3.273365646600723267e-02 2.955412305891513824e-02
3.284440934658050537e-02 3.016336634755134583e-02
3.271363675594329834e-02 2.907853759825229645e-02
3.295667469501495361e-02 3.145037218928337097e-02
3.274425491690635681e-02 3.000762499868869781e-02
3.291006013751029968e-02 3.151490166783332825e-02
3.259486705064773560e-02 2.959581650793552399e-02
3.260900452733039856e-02 2.936707809567451477e-02
3.262213245034217834e-02 2.875425107777118683e-02
3.288071230053901672e-02 3.114775940775871277e-02
3.267273679375648499e-02 2.853288874030113220e-02
3.254633769392967224e-02 2.795503474771976471e-02
3.232103958725929260e-02 2.574184536933898926e-02
3.261182829737663269e-02 2.799575403332710266e-02
3.284489363431930542e-02 2.963941171765327454e-02
3.255139663815498352e-02 2.703509852290153503e-02
3.277278691530227661e-02 2.885522320866584778e-02
3.273823857307434082e-02 2.877199277281761169e-02
3.279862925410270691e-02 2.966808900237083435e-02
3.263251110911369324e-02 2.855378575623035431e-02
3.407361730933189392e-02 4.005028307437896729e-02
3.305414691567420959e-02 3.240362927317619324e-02
3.318122774362564087e-02 3.352049365639686584e-02
3.304456174373626709e-02 3.241860121488571167e-02
3.323469683527946472e-02 3.428122401237487793e-02
3.331628441810607910e-02 3.471224382519721985e-02
3.321022167801856995e-02 3.310497850179672241e-02
3.340882062911987305e-02 3.449883684515953064e-02
3.320617973804473877e-02 3.313025087118148804e-02
3.322438150644302368e-02 3.406299278140068054e-02
3.294332697987556458e-02 3.216534107923507690e-02
3.302931413054466248e-02 3.308736905455589294e-02
3.308563679456710815e-02 3.323410823941230774e-02
3.305565938353538513e-02 3.229309245944023132e-02
3.302424028515815735e-02 3.203090652823448181e-02
3.301195800304412842e-02 3.177622705698013306e-02
3.285284712910652161e-02 3.125013038516044617e-02
3.278987109661102295e-02 3.114848956465721130e-02
3.290130570530891418e-02 3.169370070099830627e-02
3.290503844618797302e-02 3.176400437951087952e-02
3.297474607825279236e-02 3.141375258564949036e-02
3.314833715558052063e-02 3.320732712745666504e-02
3.322522714734077454e-02 3.359806165099143982e-02
3.322041407227516174e-02 3.358136117458343506e-02
3.362901136279106140e-02 3.596488758921623230e-02
3.319606557488441467e-02 3.343612328171730042e-02
3.306679055094718933e-02 3.219879418611526489e-02
3.268683329224586487e-02 2.921324409544467926e-02
3.278478980064392090e-02 2.993719279766082764e-02
3.275444731116294861e-02 2.980745583772659302e-02
3.276983648538589478e-02 2.998557500541210175e-02
3.272208198904991150e-02 2.977512031793594360e-02
3.263489902019500732e-02 2.914739213883876801e-02
3.276345133781433105e-02 3.006407618522644043e-02
3.274129331111907959e-02 2.960711345076560974e-02
3.280992060899734497e-02 2.988335117697715759e-02
3.272343426942825317e-02 2.752485498785972595e-02
3.268706426024436951e-02 2.911589108407497406e-02
3.271317109465599060e-02 2.931630611419677734e-02
3.273807838559150696e-02 2.970918454229831696e-02
3.275039047002792358e-02 2.984783239662647247e-02
3.275499120354652405e-02 2.973467111587524414e-02
3.289187327027320862e-02 3.034466505050659180e-02
3.270040452480316162e-02 2.867195941507816315e-02
3.298184648156166077e-02 3.094926476478576660e-02
3.299856185913085938e-02 3.164647147059440613e-02
3.293978422880172729e-02 3.109254315495491028e-02
3.302418813109397888e-02 3.149668872356414795e-02
3.346945717930793762e-02 3.413820639252662659e-02
3.317837044596672058e-02 3.330333158373832703e-02
3.281546756625175476e-02 3.044695779681205750e-02
3.298504650592803955e-02 3.133944049477577209e-02
3.292931616306304932e-02 3.105438128113746643e-02
3.313801437616348267e-02 3.267558291554450989e-02
3.292648494243621826e-02 3.114513680338859558e-02
3.289481252431869507e-02 3.057004883885383606e-02
3.354701399803161621e-02 3.575680777430534363e-02
3.345802426338195801e-02 3.419395908713340759e-02
3.348305448889732361e-02 3.440543264150619507e-02
3.348094224929809570e-02 3.450342640280723572e-02
3.500365093350410461e-02 4.733373597264289856e-02
3.323869779706001282e-02 3.307820111513137817e-02
3.300592303276062012e-02 3.163592517375946045e-02
3.294203802943229675e-02 3.146946057677268982e-02
3.273085877299308777e-02 2.963614277541637421e-02
3.281088545918464661e-02 2.963605523109436035e-02
3.277817368507385254e-02 2.918473258614540100e-02
3.249897435307502747e-02 2.731483429670333862e-02
3.244165703654289246e-02 2.642603404819965363e-02
3.245596587657928467e-02 2.774862572550773621e-02
3.251247480511665344e-02 2.819017507135868073e-02
3.249700367450714111e-02 2.791793458163738251e-02
3.240020945668220520e-02 2.656687982380390167e-02
3.277553990483283997e-02 3.042986616492271423e-02
3.276798501610755920e-02 3.023030236363410950e-02
3.288013860583305359e-02 3.139030933380126953e-02
3.280027583241462708e-02 3.033296018838882446e-02
3.292048722505569458e-02 3.066466003656387329e-02
3.303245082497596741e-02 3.291532024741172791e-02
3.289805352687835693e-02 3.163803368806838989e-02
3.283754363656044006e-02 3.137431293725967407e-02
3.280628845095634460e-02 3.101202659308910370e-02
3.297165781259536743e-02 3.202240541577339172e-02
3.292838484048843384e-02 3.127906844019889832e-02
3.370242565870285034e-02 3.617895394563674927e-02
3.283511102199554443e-02 3.139892220497131348e-02
3.286559879779815674e-02 3.145306929945945740e-02
3.289563581347465515e-02 3.131520003080368042e-02
3.299686312675476074e-02 3.190135955810546875e-02
3.296602889895439148e-02 3.166837245225906372e-02
3.294291719794273376e-02 3.153366595506668091e-02
3.301316127181053162e-02 3.191596642136573792e-02
3.300032019615173340e-02 3.209843114018440247e-02
3.298861905932426453e-02 3.235099837183952332e-02
3.300762549042701721e-02 3.275200724601745605e-02
3.298407793045043945e-02 3.250411152839660645e-02
3.337079659104347229e-02 3.358479961752891541e-02
3.321336209774017334e-02 3.397309035062789917e-02
3.332250192761421204e-02 3.459884226322174072e-02
3.326731547713279724e-02 3.422254323959350586e-02
3.320705518126487732e-02 3.379813954234123230e-02
3.320298343896865845e-02 3.366935998201370239e-02
3.315043076872825623e-02 3.324810788035392761e-02
3.312238678336143494e-02 3.343509510159492493e-02
3.309871256351470947e-02 3.313238918781280518e-02
3.309180960059165955e-02 3.314787149429321289e-02
3.302991017699241638e-02 3.262948989868164062e-02
3.299565240740776062e-02 3.244379535317420959e-02
3.407270833849906921e-02 4.081965237855911255e-02
3.296928852796554565e-02 3.257448226213455200e-02
3.314701840281486511e-02 3.461449220776557922e-02
3.299512341618537903e-02 3.319086134433746338e-02
3.297191858291625977e-02 3.283091261982917786e-02
3.306328877806663513e-02 3.331565111875534058e-02
3.309137374162673950e-02 3.334404155611991882e-02
3.310590609908103943e-02 3.337559476494789124e-02
3.308244422078132629e-02 3.336508944630622864e-02
3.313481807708740234e-02 3.378142043948173523e-02
3.324292227625846863e-02 3.449766710400581360e-02
3.332100436091423035e-02 3.472121804952621460e-02
3.436698019504547119e-02 4.070544615387916565e-02
3.320938721299171448e-02 3.422085940837860107e-02
3.327506408095359802e-02 3.477841615676879883e-02
3.338417410850524902e-02 3.628138452768325806e-02
3.315607085824012756e-02 3.402817994356155396e-02
3.312021866440773010e-02 3.364673629403114319e-02
3.329716250300407410e-02 3.501607477664947510e-02
3.311943635344505310e-02 3.316550701856613159e-02
3.311109915375709534e-02 3.423578292131423950e-02
3.362733498215675354e-02 3.876483812928199768e-02
3.298977389931678772e-02 3.338732570409774780e-02
3.255447000265121460e-02 2.937063947319984436e-02
3.343041241168975830e-02 3.588981553912162781e-02
3.306126967072486877e-02 3.477896004915237427e-02
3.295433521270751953e-02 3.369051963090896606e-02
3.329680487513542175e-02 3.721315041184425354e-02
3.355531767010688782e-02 3.709051385521888733e-02
3.394165635108947754e-02 3.952362015843391418e-02
3.487813100218772888e-02 4.613441228866577148e-02
3.661222383379936218e-02 5.851230770349502563e-02
3.749726340174674988e-02 6.187427043914794922e-02
3.852479532361030579e-02 6.756765395402908325e-02
3.599631041288375854e-02 5.040185526013374329e-02
3.357695043087005615e-02 3.499009832739830017e-02
3.410037979483604431e-02 3.920081630349159241e-02
3.259893134236335754e-02 3.607686609029769897e-02
3.174437955021858215e-02 3.275078535079956055e-02
3.373271971940994263e-02 4.055287316441535950e-02
3.355585783720016479e-02 3.777074441313743591e-02
3.424578532576560974e-02 3.941243886947631836e-02
3.474223613739013672e-02 4.444750770926475525e-02
3.438068553805351257e-02 4.199136421084403992e-02
3.302638605237007141e-02 3.145293518900871277e-02
3.350722417235374451e-02 3.784999996423721313e-02
3.309231624007225037e-02 3.468353673815727234e-02
3.321373835206031799e-02 3.529856726527214050e-02
3.470664471387863159e-02 4.866583645343780518e-02
3.325702250003814697e-02 3.456716239452362061e-02
3.324554115533828735e-02 3.451099991798400879e-02
3.345214948058128357e-02 3.573822230100631714e-02
3.341657295823097229e-02 3.538687899708747864e-02
3.358970582485198975e-02 3.675949200987815857e-02
3.362655267119407654e-02 3.694717213511466980e-02
3.363312035799026489e-02 3.714037686586380005e-02
3.378820419311523438e-02 3.805541247129440308e-02
3.390810266137123108e-02 3.884990513324737549e-02
3.396185860037803650e-02 3.878705576062202454e-02
3.427296131849288940e-02 4.155903309583663940e-02
3.436754271388053894e-02 4.045533016324043274e-02
3.539760038256645203e-02 5.099093914031982422e-02
3.522458672523498535e-02 5.047848820686340332e-02
3.556637093424797058e-02 5.288045480847358704e-02
3.641000017523765564e-02 5.919266492128372192e-02
3.625316172838211060e-02 5.650162696838378906e-02
3.603680804371833801e-02 5.490719527006149292e-02
3.588727489113807678e-02 5.362553894519805908e-02
3.508154302835464478e-02 4.412491619586944580e-02
3.944006934762001038e-02 7.708454132080078125e-02
3.504044935107231140e-02 4.030695185065269470e-02
3.406935930252075195e-02 3.767876699566841125e-02
3.436219692230224609e-02 4.055540263652801514e-02
3.257675841450691223e-02 3.358856216073036194e-02
3.294430673122406006e-02 3.528454527258872986e-02
3.303309157490730286e-02 3.420609980821609497e-02
3.375831618905067444e-02 3.589382395148277283e-02
3.361244499683380127e-02 3.222868591547012329e-02
3.358194977045059204e-02 3.235810995101928711e-02
3.332481905817985535e-02 3.223055228590965271e-02
3.338369727134704590e-02 3.415072709321975708e-02
3.266970440745353699e-02 2.933179214596748352e-02
3.316331654787063599e-02 3.299616277217864990e-02
3.313056007027626038e-02 3.200644254684448242e-02
3.322247415781021118e-02 3.133549541234970093e-02
3.311970084905624390e-02 3.225859254598617554e-02
3.315474092960357666e-02 3.296878561377525330e-02
3.307515755295753479e-02 3.184605762362480164e-02
3.292501345276832581e-02 2.993052639067173004e-02
3.296491876244544983e-02 3.026619367301464081e-02
3.278135135769844055e-02 2.894500084221363068e-02
3.283457830548286438e-02 3.011250495910644531e-02
3.277970477938652039e-02 2.877446822822093964e-02
3.272862732410430908e-02 2.864088304340839386e-02
3.246018290519714355e-02 2.665092796087265015e-02
3.299352526664733887e-02 3.068172745406627655e-02
3.331991285085678101e-02 3.142927214503288269e-02
3.292406722903251648e-02 3.032019734382629395e-02
3.332697972655296326e-02 3.359356895089149475e-02
3.341889753937721252e-02 3.437330573797225952e-02
3.347982466220855713e-02 3.474604338407516479e-02
3.345689922571182251e-02 3.493683040142059326e-02
3.356489911675453186e-02 3.529695048928260803e-02
3.360068053007125854e-02 3.489074110984802246e-02
3.368924930691719055e-02 3.468816727399826050e-02
3.327899053692817688e-02 3.210992738604545593e-02
3.334387764334678650e-02 3.250970691442489624e-02
3.340546414256095886e-02 3.275561332702636719e-02
3.454810380935668945e-02 3.991582244634628296e-02
3.388796374201774597e-02 3.626595437526702881e-02
3.411051630973815918e-02 3.798700496554374695e-02
3.407380357384681702e-02 3.774911165237426758e-02
3.391750529408454895e-02 3.737929090857505798e-02
3.383830189704895020e-02 3.690204396843910217e-02
3.361900895833969116e-02 3.535984084010124207e-02
3.402148559689521790e-02 3.900306299328804016e-02
3.404278680682182312e-02 3.924293443560600281e-02
3.387826681137084961e-02 3.743802011013031006e-02
3.374953567981719971e-02 3.646901994943618774e-02
3.325361013412475586e-02 3.231566026806831360e-02
3.400633856654167175e-02 3.773915022611618042e-02
3.401800990104675293e-02 3.956257551908493042e-02
3.392682224512100220e-02 3.723129630088806152e-02
3.365600481629371643e-02 3.597772493958473206e-02
3.308766707777976990e-02 3.187149763107299805e-02
3.375872597098350525e-02 3.608798980712890625e-02
3.356135636568069458e-02 3.425650671124458313e-02
3.360827267169952393e-02 3.506739065051078796e-02
3.334913030266761780e-02 3.289497643709182739e-02
3.325431793928146362e-02 3.306302800774574280e-02
3.284927830100059509e-02 2.999515831470489502e-02
3.297104686498641968e-02 3.035436011850833893e-02
3.375697508454322815e-02 3.551681339740753174e-02
3.361766785383224487e-02 3.552349656820297241e-02
3.334346413612365723e-02 3.308681398630142212e-02
3.325062617659568787e-02 3.238967061042785645e-02
3.305586427450180054e-02 3.110508807003498077e-02
3.333058580756187439e-02 3.286538273096084595e-02
3.334765136241912842e-02 3.264185786247253418e-02
3.343671560287475586e-02 3.341492637991905212e-02
3.347301855683326721e-02 3.343146294355392456e-02
3.329261019825935364e-02 3.328220546245574951e-02
3.333183750510215759e-02 3.357201814651489258e-02
3.353061154484748840e-02 3.583498299121856689e-02
3.418956696987152100e-02 3.958231955766677856e-02
3.343896567821502686e-02 3.544757515192031860e-02
3.358031064271926880e-02 3.598702326416969299e-02
3.359396755695343018e-02 3.603896126151084900e-02
3.327224776148796082e-02 3.274136409163475037e-02
3.323626145720481873e-02 3.209705650806427002e-02
3.337585180997848511e-02 3.369450196623802185e-02
3.336541727185249329e-02 3.311333060264587402e-02
3.331109881401062012e-02 3.297321870923042297e-02
3.331701457500457764e-02 3.339918330311775208e-02
3.333156928420066833e-02 3.290505707263946533e-02
3.300557658076286316e-02 3.031392954289913177e-02
3.348250687122344971e-02 3.438944742083549500e-02
3.331544250249862671e-02 3.350008279085159302e-02
3.311198204755783081e-02 3.157386183738708496e-02
3.335763886570930481e-02 3.334811329841613770e-02
3.350866585969924927e-02 3.421919420361518860e-02
3.356530889868736267e-02 3.525799512863159180e-02
3.286387398838996887e-02 2.987559884786605835e-02
3.300240263342857361e-02 3.078463487327098846e-02
3.320406004786491394e-02 3.139087557792663574e-02
3.291309997439384460e-02 2.967322617769241333e-02
3.264373540878295898e-02 2.755965106189250946e-02
3.288973867893218994e-02 2.981465309858322144e-02
3.344197198748588562e-02 3.305933997035026550e-02
3.297028690576553345e-02 3.055254742503166199e-02
3.299952298402786255e-02 3.122511692345142365e-02
3.305088728666305542e-02 3.271365910768508911e-02
3.322489559650421143e-02 3.425515443086624146e-02
3.327612206339836121e-02 3.459072485566139221e-02
3.296407684683799744e-02 3.204669058322906494e-02
3.290650248527526855e-02 3.187555447220802307e-02
3.288418427109718323e-02 3.198821097612380981e-02
3.290363028645515442e-02 3.174591064453125000e-02
3.302843868732452393e-02 3.218223154544830322e-02
3.255435079336166382e-02 2.817271836102008820e-02
3.263580054044723511e-02 2.829256653785705566e-02
3.319491818547248840e-02 3.403606265783309937e-02
3.279447928071022034e-02 3.013516217470169067e-02
3.293443843722343445e-02 3.090810403227806091e-02
3.303180634975433350e-02 3.132050484418869019e-02
3.259817138314247131e-02 2.808388508856296539e-02
3.273550048470497131e-02 2.886589244008064270e-02
3.271720558404922485e-02 2.955736778676509857e-02
3.266752511262893677e-02 2.897125482559204102e-02
3.273988887667655945e-02 2.957816421985626221e-02
3.257492184638977051e-02 2.824274264276027679e-02
3.229372203350067139e-02 2.555307932198047638e-02
3.339168801903724670e-02 3.398380428552627563e-02
3.313476592302322388e-02 3.237859532237052917e-02
3.299963101744651794e-02 3.130567446351051331e-02
3.308962658047676086e-02 3.342911973595619202e-02
3.304148837924003601e-02 3.304755315184593201e-02
3.292484581470489502e-02 3.223173320293426514e-02
3.323061019182205200e-02 3.448086231946945190e-02
3.324818238615989685e-02 3.429444506764411926e-02
3.316323459148406982e-02 3.378384187817573547e-02
3.323318436741828918e-02 3.407850489020347595e-02
3.319709748029708862e-02 3.370499983429908752e-02
3.337004780769348145e-02 3.517747297883033752e-02
3.417699038982391357e-02 4.150432720780372620e-02
3.368161991238594055e-02 3.675985708832740784e-02
3.412266448140144348e-02 3.972211852669715881e-02
3.596202656626701355e-02 5.469702556729316711e-02
3.773438930511474609e-02 6.570862978696823120e-02
3.497716784477233887e-02 4.957576096057891846e-02
3.285724669694900513e-02 3.224069625139236450e-02
3.295214846730232239e-02 3.289003297686576843e-02
3.291239589452743530e-02 3.280736878514289856e-02
3.289839625358581543e-02 3.231399878859519958e-02
3.357058390974998474e-02 3.823669999837875366e-02
3.332930058240890503e-02 3.634560853242874146e-02
3.467283025383949280e-02 4.540999606251716614e-02
3.306869044899940491e-02 3.309068828821182251e-02
3.292687982320785522e-02 3.240314871072769165e-02
3.311341628432273865e-02 3.438935056328773499e-02
3.397183492779731750e-02 4.157295823097229004e-02
3.300640359520912170e-02 3.234250098466873169e-02
3.293784707784652710e-02 3.196322917938232422e-02
3.271571919322013855e-02 2.987819723784923553e-02
3.276706859469413757e-02 3.096204064786434174e-02
3.289116546511650085e-02 3.212007880210876465e-02
3.261658921837806702e-02 3.040704503655433655e-02
3.281964361667633057e-02 3.148461133241653442e-02
3.303643316030502319e-02 3.343525528907775879e-02
3.300381824374198914e-02 3.183826431632041931e-02
3.288198634982109070e-02 3.095749579370021820e-02
3.275905176997184753e-02 3.041083365678787231e-02
3.289625421166419983e-02 3.183847665786743164e-02
3.282969817519187927e-02 3.089268878102302551e-02
3.360217064619064331e-02 3.729632869362831116e-02
3.371344879269599915e-02 3.777351975440979004e-02
3.432194888591766357e-02 4.112710058689117432e-02
3.331308439373970032e-02 3.200678899884223938e-02
3.384392336010932922e-02 3.443891555070877075e-02
3.524782881140708923e-02 4.581902921199798584e-02
3.701575100421905518e-02 5.700425803661346436e-02
3.309431672096252441e-02 3.051708638668060303e-02
3.319780528545379639e-02 3.233120217919349670e-02
3.272318840026855469e-02 2.814690768718719482e-02
3.296019136905670166e-02 2.961513586342334747e-02
3.303872048854827881e-02 2.942028827965259552e-02
3.377519547939300537e-02 3.606994077563285828e-02
3.332931548357009888e-02 3.264675289392471313e-02
3.302602097392082214e-02 3.037763200700283051e-02
3.282743319869041443e-02 2.849421650171279907e-02
3.345457836985588074e-02 3.350283205509185791e-02
3.305056318640708923e-02 2.998525649309158325e-02
3.358055651187896729e-02 3.445621207356452942e-02
3.286747634410858154e-02 2.810804173350334167e-02
3.296428546309471130e-02 2.846115082502365112e-02
3.270722553133964539e-02 2.721904404461383820e-02
3.273818269371986389e-02 2.761160768568515778e-02
3.302007541060447693e-02 2.980634011328220367e-02
3.322505950927734375e-02 3.078691475093364716e-02
3.360923752188682556e-02 3.519883006811141968e-02
3.320999071002006531e-02 3.151579946279525757e-02
3.313615918159484863e-02 3.095673024654388428e-02
3.314403071999549866e-02 3.075519949197769165e-02
3.296680375933647156e-02 2.894935011863708496e-02
3.349341824650764465e-02 3.273275494575500488e-02
3.285749629139900208e-02 2.773665636777877808e-02
3.270601108670234680e-02 2.754815854132175446e-02
3.258414939045906067e-02 2.668043971061706543e-02
3.284201771020889282e-02 2.847537212073802948e-02
3.281195461750030518e-02 2.777066640555858612e-02
3.312702849507331848e-02 3.241725638508796692e-02
3.282567858695983887e-02 3.020894899964332581e-02
3.288575634360313416e-02 3.070586547255516052e-02
3.273865953087806702e-02 2.934935688972473145e-02
3.268496692180633545e-02 2.849766984581947327e-02
3.257809951901435852e-02 2.705823630094528198e-02
3.435590490698814392e-02 4.202556610107421875e-02
3.237781301140785217e-02 2.503144741058349609e-02
3.259496018290519714e-02 2.700678072869777679e-02
3.246851637959480286e-02 2.550335228443145752e-02
3.252491727471351624e-02 2.559298649430274963e-02
3.253725171089172363e-02 2.546720206737518311e-02
3.257975354790687561e-02 2.602208591997623444e-02
3.268453851342201233e-02 2.699477598071098328e-02
3.308529034256935120e-02 3.063305653631687164e-02
3.270952031016349792e-02 2.762585319578647614e-02
3.247252106666564941e-02 2.723928913474082947e-02
3.224971145391464233e-02 2.592301927506923676e-02
3.210910782217979431e-02 2.583136595785617828e-02
3.212546184659004211e-02 2.469958551228046417e-02
3.209558129310607910e-02 2.370142936706542969e-02
3.234812244772911072e-02 2.481688931584358215e-02
3.208375349640846252e-02 2.314405515789985657e-02
3.187339007854461670e-02 2.143793925642967224e-02
3.195973858237266541e-02 2.243188768625259399e-02
3.215245157480239868e-02 2.381060831248760223e-02
3.272894024848937988e-02 2.793893031775951385e-02
3.277842700481414795e-02 2.907267957925796509e-02
3.222765773534774780e-02 2.488690800964832306e-02
3.234538435935974121e-02 2.586272358894348145e-02
3.204964846372604370e-02 2.382128313183784485e-02
3.205416724085807800e-02 2.362298592925071716e-02
3.200697526335716248e-02 2.295442298054695129e-02
3.235130384564399719e-02 2.523175440728664398e-02
3.216701745986938477e-02 2.364949882030487061e-02
3.226347640156745911e-02 2.467858046293258667e-02
3.210428357124328613e-02 2.333536371588706970e-02
3.250268846750259399e-02 2.585424110293388367e-02
3.259222581982612610e-02 2.681200578808784485e-02
3.255589306354522705e-02 2.754183299839496613e-02
3.256031498312950134e-02 2.838645502924919128e-02
3.278011828660964966e-02 3.167148306965827942e-02
3.395308554172515869e-02 4.192809015512466431e-02
3.237879648804664612e-02 2.719040401279926300e-02
3.221378847956657410e-02 2.533769980072975159e-02
3.232183307409286499e-02 2.576780319213867188e-02
3.256813064217567444e-02 2.755659818649291992e-02
3.246261179447174072e-02 2.590223215520381927e-02
3.239821642637252808e-02 2.519893459975719452e-02
3.204352036118507385e-02 2.281117439270019531e-02
3.235167264938354492e-02 2.578708529472351074e-02
3.217594325542449951e-02 2.450617402791976929e-02
3.249383345246315002e-02 2.684382535517215729e-02
3.295369446277618408e-02 3.125382587313652039e-02
3.265354409813880920e-02 2.964005619287490845e-02
3.258384764194488525e-02 2.848243899643421173e-02
3.231218829751014709e-02 2.596932277083396912e-02
3.233738988637924194e-02 2.595952153205871582e-02
3.233026340603828430e-02 2.628295868635177612e-02
3.238414973020553589e-02 2.590122073888778687e-02
3.250934556126594543e-02 2.686696499586105347e-02
3.243518993258476257e-02 2.556559070944786072e-02
3.202222660183906555e-02 2.259508892893791199e-02
3.228764981031417847e-02 2.456103637814521790e-02
3.250058740377426147e-02 2.693669311702251434e-02
3.270186111330986023e-02 2.899762429296970367e-02
3.336165845394134521e-02 3.557633981108665466e-02
3.273420408368110657e-02 3.087707422673702240e-02
3.257755935192108154e-02 2.929667010903358459e-02
3.278259932994842529e-02 3.082240186631679535e-02
3.245257586240768433e-02 2.764100953936576843e-02
3.249817714095115662e-02 2.763062343001365662e-02
3.220212459564208984e-02 2.460992522537708282e-02
3.261602297425270081e-02 2.809844538569450378e-02
3.237245976924896240e-02 2.550815790891647339e-02
3.196949139237403870e-02 2.250380814075469971e-02
3.221239522099494934e-02 2.427378669381141663e-02
3.234523162245750427e-02 2.597205713391304016e-02
3.239042684435844421e-02 2.645842358469963074e-02
3.276874870061874390e-02 3.054035827517509460e-02
3.274685144424438477e-02 3.010853007435798645e-02
3.241664916276931763e-02 2.783096022903919220e-02
3.270288556814193726e-02 2.962821908295154572e-02
3.275782987475395203e-02 2.928816340863704681e-02
3.255796432495117188e-02 2.754440158605575562e-02
3.228966891765594482e-02 2.534286305308341980e-02
3.215456381440162659e-02 2.407772652804851532e-02
3.221807256340980530e-02 2.540948241949081421e-02
3.225435316562652588e-02 2.586385235190391541e-02
3.230183944106101990e-02 2.635622769594192505e-02
3.322700038552284241e-02 3.631363809108734131e-02
3.193451091647148132e-02 2.263373136520385742e-02
3.254872933030128479e-02 2.763071469962596893e-02
3.237617015838623047e-02 2.625226229429244995e-02
3.264513239264488220e-02 2.808473259210586548e-02
3.292578086256980896e-02 3.146601095795631409e-02
3.317961096763610840e-02 3.446845337748527527e-02
3.281323611736297607e-02 3.151861578226089478e-02
3.282063081860542297e-02 3.133523464202880859e-02
3.281624615192413330e-02 3.133867308497428894e-02
3.309988602995872498e-02 3.328209742903709412e-02
3.310579806566238403e-02 3.353751450777053833e-02
3.280798345804214478e-02 3.131488338112831116e-02
3.354933112859725952e-02 3.546352684497833252e-02
3.449671342968940735e-02 4.251939058303833008e-02
3.928183019161224365e-02 7.705283164978027344e-02
3.605875745415687561e-02 5.430053174495697021e-02
3.295076638460159302e-02 3.244340792298316956e-02
3.284636139869689941e-02 3.154320269823074341e-02
3.288536518812179565e-02 3.170320764183998108e-02
3.311318159103393555e-02 3.316589444875717163e-02
3.294357657432556152e-02 3.185569122433662415e-02
3.288454934954643250e-02 3.109960816800594330e-02
3.289807587862014771e-02 3.091292455792427063e-02
3.331787511706352234e-02 3.268913924694061279e-02
3.361077979207038879e-02 3.770096227526664734e-02
3.290000185370445251e-02 3.143028914928436279e-02
3.270686417818069458e-02 3.000156581401824951e-02
3.282289952039718628e-02 3.084238618612289429e-02
3.298015892505645752e-02 3.195993602275848389e-02
3.301873058080673218e-02 3.274333104491233826e-02
3.319031000137329102e-02 3.385554254055023193e-02
3.335174173116683960e-02 3.515125438570976257e-02
3.315999731421470642e-02 3.369411826133728027e-02
3.313627466559410095e-02 3.399423882365226746e-02
3.295563533902168274e-02 3.325158730149269104e-02
3.373047336935997009e-02 3.860467672348022461e-02
3.358671069145202637e-02 3.809177875518798828e-02
3.309466689825057983e-02 3.351926431059837341e-02
3.365170583128929138e-02 3.837346285581588745e-02
3.348906710743904114e-02 3.675214573740959167e-02
3.389342501759529114e-02 4.042432457208633423e-02
3.355583921074867249e-02 3.753599151968955994e-02
3.387906774878501892e-02 3.986736387014389038e-02
3.317372500896453857e-02 3.366268426179885864e-02
3.349617868661880493e-02 3.742918744683265686e-02
3.377397358417510986e-02 3.991947323083877563e-02
3.385281190276145935e-02 4.074590653181076050e-02
3.442505374550819397e-02 4.291390627622604370e-02
3.361446782946586609e-02 3.654935583472251892e-02
3.458589687943458557e-02 4.519955813884735107e-02
3.475606441497802734e-02 4.617802053689956665e-02
3.490139916539192200e-02 4.706578701734542847e-02
3.483216091990470886e-02 4.545815289020538330e-02
3.538123145699501038e-02 5.017160996794700623e-02
3.574184328317642212e-02 5.289053916931152344e-02
3.578476235270500183e-02 5.245790630578994751e-02
3.412173315882682800e-02 4.299862682819366455e-02
3.314101323485374451e-02 3.340822085738182068e-02
3.279124200344085693e-02 3.081906214356422424e-02
3.364754840731620789e-02 3.840523585677146912e-02
3.322274610400199890e-02 3.366331756114959717e-02
3.281623497605323792e-02 3.047299943864345551e-02
3.297609835863113403e-02 3.146609663963317871e-02
3.330254554748535156e-02 3.411889076232910156e-02
3.308774530887603760e-02 3.305434808135032654e-02
3.413086384534835815e-02 4.290380701422691345e-02
3.381369262933731079e-02 3.913683444261550903e-02
3.364554420113563538e-02 3.768092393875122070e-02
3.362534940242767334e-02 3.777406737208366394e-02
3.329630568623542786e-02 3.487014397978782654e-02
3.299575299024581909e-02 3.228422999382019043e-02
3.361631557345390320e-02 3.473830595612525940e-02
3.307323902845382690e-02 3.286755830049514771e-02
3.302995488047599792e-02 3.229195624589920044e-02
3.295589610934257507e-02 3.214438259601593018e-02
3.286950290203094482e-02 3.161499649286270142e-02
3.381133824586868286e-02 4.027841612696647644e-02
3.297398239374160767e-02 3.282324597239494324e-02
3.373208269476890564e-02 4.134263843297958374e-02
3.382577374577522278e-02 4.220773279666900635e-02
3.409579396247863770e-02 4.335486516356468201e-02
3.390355780720710754e-02 4.120477288961410522e-02
3.435690701007843018e-02 4.500057920813560486e-02
3.253656998276710510e-02 2.740881405770778656e-02
3.369438648223876953e-02 3.932882845401763916e-02
3.294333815574645996e-02 3.249461203813552856e-02
3.298817947506904602e-02 3.284404799342155457e-02
3.293075039982795715e-02 3.223048895597457886e-02
3.352319076657295227e-02 3.748850896954536438e-02
3.335868939757347107e-02 3.618445247411727905e-02
3.313968330621719360e-02 3.393215686082839966e-02
3.362089395523071289e-02 3.871885314583778381e-02
3.306952491402626038e-02 3.412772342562675476e-02
3.336038440465927124e-02 3.616834431886672974e-02
3.312945738434791565e-02 3.542147949337959290e-02
3.333517163991928101e-02 3.490920737385749817e-02
3.388832509517669678e-02 4.123689234256744385e-02
3.346179425716400146e-02 3.722921013832092285e-02
3.351636976003646851e-02 3.775784000754356384e-02
3.353806957602500916e-02 3.673484548926353455e-02
3.331990540027618408e-02 3.269592300057411194e-02
3.369335085153579712e-02 3.673994168639183044e-02
3.533490002155303955e-02 4.927551001310348511e-02
3.481497988104820251e-02 4.589534550905227661e-02
3.363944217562675476e-02 3.870922327041625977e-02
3.386463597416877747e-02 4.212282225489616394e-02
3.439471125602722168e-02 4.530108720064163208e-02
3.544640541076660156e-02 5.110526084899902344e-02
3.394645079970359802e-02 3.958842530846595764e-02
3.247448056936264038e-02 2.835401706397533417e-02
3.276890888810157776e-02 3.068639338016510010e-02
3.243371099233627319e-02 2.761287614703178406e-02
3.227347135543823242e-02 2.650937065482139587e-02
3.237956389784812927e-02 2.773896604776382446e-02
3.242566064000129700e-02 2.827253192663192749e-02
3.231320530176162720e-02 2.732285298407077789e-02
3.226565942168235779e-02 2.708390727639198303e-02
3.244646638631820679e-02 2.833643555641174316e-02
3.248624131083488464e-02 2.825845405459403992e-02
3.316334635019302368e-02 3.521409258246421814e-02
3.431318700313568115e-02 4.293803870677947998e-02
3.429828211665153503e-02 3.943836316466331482e-02
3.225660324096679688e-02 2.697242051362991333e-02
3.210759162902832031e-02 2.553121000528335571e-02
3.187746182084083557e-02 2.220859751105308533e-02
3.199157118797302246e-02 2.318540588021278381e-02
3.211278095841407776e-02 2.262006327509880066e-02
3.145199269056320190e-02 1.619325205683708191e-02
3.137046098709106445e-02 1.593546196818351746e-02
3.117994964122772217e-02 1.642868295311927795e-02
3.113139420747756958e-02 1.723557524383068085e-02
3.014595061540603638e-02 1.148717850446701050e-02
3.101314231753349304e-02 1.643809117376804352e-02
3.075603581964969635e-02 1.410661265254020691e-02
3.075762465596199036e-02 1.360508799552917480e-02
3.104416280984878540e-02 1.583322323858737946e-02
3.137277066707611084e-02 1.832183822989463806e-02
3.137933462858200073e-02 1.844701543450355530e-02
3.175885975360870361e-02 2.214924059808254242e-02
3.185267001390457153e-02 2.284495718777179718e-02
3.149883449077606201e-02 1.997443288564682007e-02
3.196766972541809082e-02 2.331357263028621674e-02
3.177656605839729309e-02 2.236056886613368988e-02
3.130833432078361511e-02 1.801896654069423676e-02
3.211872652173042297e-02 2.456158399581909180e-02
3.179441019892692566e-02 2.207915298640727997e-02
3.149102255702018738e-02 1.932386308908462524e-02
3.102725744247436523e-02 1.519637368619441986e-02
3.116164542734622955e-02 1.607164740562438965e-02
3.118547052145004272e-02 1.590773835778236389e-02
3.102413192391395569e-02 1.483303867280483246e-02
3.126963973045349121e-02 1.748077385127544403e-02
3.101198561489582062e-02 1.552586629986763000e-02
3.096926957368850708e-02 1.608362235128879547e-02
3.088770061731338501e-02 1.574289239943027496e-02
2.993783168494701385e-02 8.037470281124114990e-03
3.166147693991661072e-02 2.026771754026412964e-02
3.130529448390007019e-02 1.677228696644306183e-02
3.166296333074569702e-02 1.857313513755798340e-02
3.185418248176574707e-02 1.872901432216167450e-02
3.178971633315086365e-02 1.895875856280326843e-02
3.195258229970932007e-02 2.026343718171119690e-02
3.215556219220161438e-02 2.218167483806610107e-02
3.301518037915229797e-02 2.961957827210426331e-02
3.310490772128105164e-02 3.054681047797203064e-02
3.351266682147979736e-02 3.338745981454849243e-02
3.354458510875701904e-02 3.355678543448448181e-02
3.353660926222801208e-02 3.353817760944366455e-02
3.362451121211051941e-02 3.516054898500442505e-02
3.289566934108734131e-02 2.883070148527622223e-02
3.250705450773239136e-02 2.620950900018215179e-02
3.235494717955589294e-02 2.525438740849494934e-02
3.230552375316619873e-02 2.480056695640087128e-02
3.249613568186759949e-02 2.589104138314723969e-02
3.263346850872039795e-02 2.732584066689014435e-02
3.284844383597373962e-02 2.866624295711517334e-02
3.265905752778053284e-02 2.697394415736198425e-02
3.283847495913505554e-02 2.859258465468883514e-02
3.287304937839508057e-02 2.947606146335601807e-02
3.286756947636604309e-02 2.955123595893383026e-02
3.293335065245628357e-02 2.950440905988216400e-02
3.306202962994575500e-02 2.992687374353408813e-02
3.276764973998069763e-02 2.828726358711719513e-02
3.323266655206680298e-02 3.138585388660430908e-02
3.384797275066375732e-02 3.606355190277099609e-02
3.373035416007041931e-02 3.561819717288017273e-02
3.394199535250663757e-02 3.675278276205062866e-02
3.381544351577758789e-02 3.601289168000221252e-02
3.347450867295265198e-02 3.351006656885147095e-02
3.309756889939308167e-02 3.029673546552658081e-02
3.298110887408256531e-02 2.943800762295722961e-02
3.345104679465293884e-02 3.269709274172782898e-02
3.327509760856628418e-02 3.251366317272186279e-02
3.306994587182998657e-02 3.042125515639781952e-02
3.294336050748825073e-02 3.037008456885814667e-02
3.283244743943214417e-02 2.955478616058826447e-02
3.275905176997184753e-02 2.875662781298160553e-02
3.269670531153678894e-02 2.748099714517593384e-02
3.277495130896568298e-02 2.738721854984760284e-02
3.290468454360961914e-02 2.832598611712455750e-02
3.280860558152198792e-02 2.786099724471569061e-02
3.289516270160675049e-02 2.856373414397239685e-02
3.285033628344535828e-02 2.898128703236579895e-02
3.350567072629928589e-02 3.405794128775596619e-02
3.286851942539215088e-02 2.883298136293888092e-02
3.305852785706520081e-02 3.014278039336204529e-02
3.293979912996292114e-02 2.917882055044174194e-02
3.288558125495910645e-02 2.957455813884735107e-02
3.284576907753944397e-02 2.859779819846153259e-02
3.299512714147567749e-02 3.011753037571907043e-02
3.235810250043869019e-02 2.511955052614212036e-02
3.263065963983535767e-02 2.798901125788688660e-02
3.261734172701835632e-02 2.783408574759960175e-02
3.264347836375236511e-02 2.775203622877597809e-02
3.292544558644294739e-02 2.920257672667503357e-02
3.349658846855163574e-02 3.297689557075500488e-02
3.367438539862632751e-02 3.472251072525978088e-02
3.349854052066802979e-02 3.310783207416534424e-02
3.382693231105804443e-02 3.636337444186210632e-02
3.347978368401527405e-02 3.371468931436538696e-02
3.423694148659706116e-02 3.981101140379905701e-02
3.471563756465911865e-02 4.364021494984626770e-02
3.454867005348205566e-02 4.169395565986633301e-02
3.398302942514419556e-02 3.704965114593505859e-02
3.379223868250846863e-02 3.616106137633323669e-02
3.296374902129173279e-02 2.948312647640705109e-02
3.278598934412002563e-02 2.828879468142986298e-02
3.281690180301666260e-02 2.780883945524692535e-02
3.273670375347137451e-02 2.832939289510250092e-02
3.264600411057472229e-02 2.735314704477787018e-02
3.292134031653404236e-02 3.000119701027870178e-02
3.301037475466728210e-02 3.201612085103988647e-02
3.304467350244522095e-02 3.263027593493461609e-02
3.303038701415061951e-02 3.245237842202186584e-02
3.300315141677856445e-02 3.209978714585304260e-02
3.292312100529670715e-02 3.123119287192821503e-02
3.291453793644905090e-02 3.112018108367919922e-02
3.284213319420814514e-02 3.020365908741950989e-02
3.289397060871124268e-02 3.031169809401035309e-02
3.304920345544815063e-02 3.147407993674278259e-02
3.298055008053779602e-02 3.051024861633777618e-02
3.281982615590095520e-02 2.964431233704090118e-02
3.277455642819404602e-02 2.930542454123497009e-02
3.281607851386070251e-02 2.959584258496761322e-02
3.312876448035240173e-02 3.169373422861099243e-02
3.359544277191162109e-02 3.522089496254920959e-02
3.444067016243934631e-02 4.176679253578186035e-02
3.479731827974319458e-02 4.446640983223915100e-02
3.471808135509490967e-02 4.334670305252075195e-02
3.472391888499259949e-02 4.368900880217552185e-02
3.344148397445678711e-02 3.358610346913337708e-02
3.374220058321952820e-02 3.543764725327491760e-02
3.310487046837806702e-02 3.122483752667903900e-02
3.296552971005439758e-02 3.032848797738552094e-02
3.300098329782485962e-02 3.096615150570869446e-02
3.320384398102760315e-02 3.238102421164512634e-02
3.348121047019958496e-02 3.430977463722229004e-02
3.355365991592407227e-02 3.502628952264785767e-02
3.407633677124977112e-02 3.989396616816520691e-02
3.422477468848228455e-02 4.096654802560806274e-02
3.372812643647193909e-02 3.739249706268310547e-02
3.414025902748107910e-02 4.065957292914390564e-02
3.358425572514533997e-02 3.662183508276939392e-02
3.337876126170158386e-02 3.413795679807662964e-02
3.329093009233474731e-02 3.451652079820632935e-02
3.335188329219818115e-02 3.499379009008407593e-02
3.331325203180313110e-02 3.477149829268455505e-02
3.332857042551040649e-02 3.479361161589622498e-02
3.330104425549507141e-02 3.459608554840087891e-02
3.331177309155464172e-02 3.470697626471519470e-02
3.337384015321731567e-02 3.483520075678825378e-02
3.334617987275123596e-02 3.441378846764564514e-02
3.340086713433265686e-02 3.442573919892311096e-02
3.332617133855819702e-02 3.421282768249511719e-02
3.323028981685638428e-02 3.380544483661651611e-02
3.366988524794578552e-02 3.635961562395095825e-02
3.325641527771949768e-02 3.430758789181709290e-02
3.323692828416824341e-02 3.411022201180458069e-02
3.321720287203788757e-02 3.362094610929489136e-02
3.327516093850135803e-02 3.372981771826744080e-02
3.327789157629013062e-02 3.394034504890441895e-02
3.326269239187240601e-02 3.394939005374908447e-02
3.336697071790695190e-02 3.466105088591575623e-02
3.349849954247474670e-02 3.537883982062339783e-02
3.369078412652015686e-02 3.571578860282897949e-02
3.381709009408950806e-02 3.592778369784355164e-02
3.393000364303588867e-02 3.662345558404922485e-02
3.486513718962669373e-02 4.440222680568695068e-02
3.370681405067443848e-02 3.607367351651191711e-02
3.328961506485939026e-02 3.327265754342079163e-02
3.283901140093803406e-02 3.037619404494762421e-02
3.280312940478324890e-02 2.967104315757751465e-02
3.257468715310096741e-02 2.765006944537162781e-02
3.275829926133155823e-02 2.794478647410869598e-02
3.315192461013793945e-02 3.007350675761699677e-02
3.306620940566062927e-02 2.952420711517333984e-02
3.275345638394355774e-02 2.814622223377227783e-02
3.258506581187248230e-02 2.777065522968769073e-02
3.249976783990859985e-02 2.772145718336105347e-02
3.284786641597747803e-02 2.905102819204330444e-02
3.243393450975418091e-02 2.534222602844238281e-02
3.196448087692260742e-02 2.033565752208232880e-02
3.278643637895584106e-02 2.579225972294807434e-02
3.346244990825653076e-02 3.072267398238182068e-02
3.353851661086082458e-02 3.232342004776000977e-02
3.305918723344802856e-02 2.935395203530788422e-02
3.359000012278556824e-02 3.514904156327247620e-02
3.324164450168609619e-02 3.259536251425743103e-02
3.357540443539619446e-02 3.228984773159027100e-02
3.273085504770278931e-02 2.562076970934867859e-02
3.282735496759414673e-02 2.437282726168632507e-02
3.408602997660636902e-02 3.306826949119567871e-02
3.282335400581359863e-02 2.572869509458541870e-02
3.394219651818275452e-02 3.360074758529663086e-02
3.400448709726333618e-02 3.428390622138977051e-02
3.332146629691123962e-02 3.209046646952629089e-02
3.344194218516349792e-02 3.502356261014938354e-02
3.345122560858726501e-02 3.573410585522651672e-02
3.274131566286087036e-02 2.956651337444782257e-02
3.299440443515777588e-02 2.986251190304756165e-02
3.374923765659332275e-02 3.318511694669723511e-02
3.313390165567398071e-02 2.789377048611640930e-02
3.371292725205421448e-02 3.237580507993698120e-02
3.389947488903999329e-02 3.242723643779754639e-02
3.329893574118614197e-02 3.088903240859508514e-02
3.297859430313110352e-02 2.879094704985618591e-02
3.279821202158927917e-02 2.792704291641712189e-02
3.299245610833168030e-02 2.941014990210533142e-02
3.285215422511100769e-02 2.818788774311542511e-02
3.306309133768081665e-02 2.932442352175712585e-02
3.293744474649429321e-02 2.824064902961254120e-02
3.286592662334442139e-02 2.796511352062225342e-02
3.157139569520950317e-02 1.920469105243682861e-02
3.149571642279624939e-02 1.658812724053859711e-02
3.085283748805522919e-02 1.569117046892642975e-02
3.263777866959571838e-02 2.686873078346252441e-02
3.370633348822593689e-02 3.429166600108146667e-02
3.210427612066268921e-02 2.324285730719566345e-02
3.357731178402900696e-02 3.196898475289344788e-02
3.401331976056098938e-02 3.517544269561767578e-02
3.381086140871047974e-02 3.305736929178237915e-02
3.349227458238601685e-02 3.028394281864166260e-02
3.333499282598495483e-02 2.989642694592475891e-02
3.319597616791725159e-02 2.995887584984302521e-02
3.270770609378814697e-02 2.670384943485260010e-02
3.322120755910873413e-02 2.984545566141605377e-02
3.292243555188179016e-02 2.738204970955848694e-02
3.325213119387626648e-02 2.804709225893020630e-02
3.279045969247817993e-02 2.557579055428504944e-02
3.222063183784484863e-02 2.233884111046791077e-02
3.320816159248352051e-02 2.936781570315361023e-02
3.274854645133018494e-02 2.691561356186866760e-02
3.278458490967750549e-02 2.872600033879280090e-02
3.261204063892364502e-02 2.729231864213943481e-02
3.275237604975700378e-02 2.701277658343315125e-02
3.250278159976005554e-02 2.543333545327186584e-02
3.267558291554450989e-02 2.643584273755550385e-02
3.244809061288833618e-02 2.494252100586891174e-02
3.260555490851402283e-02 2.563851326704025269e-02
3.315239027142524719e-02 2.802667021751403809e-02
3.194541484117507935e-02 2.067871391773223877e-02
3.312823921442031860e-02 2.836012281477451324e-02
3.355296328663825989e-02 3.373613953590393066e-02
3.363003581762313843e-02 3.438643366098403931e-02
3.355675190687179565e-02 3.329144790768623352e-02
3.351975977420806885e-02 3.328409418463706970e-02
3.371149301528930664e-02 3.340115398168563843e-02
3.345329686999320984e-02 3.237641975283622742e-02
3.330449014902114868e-02 3.098309040069580078e-02
3.310986980795860291e-02 2.990176156163215637e-02
3.322560712695121765e-02 3.105941042304039001e-02
3.261911496520042419e-02 2.503792196512222290e-02
3.304947540163993835e-02 2.836238592863082886e-02
3.253250941634178162e-02 2.469138242304325104e-02
3.319011628627777100e-02 3.065424226224422455e-02
3.340269997715950012e-02 3.147755190730094910e-02
3.363433852791786194e-02 3.326025605201721191e-02
3.322106227278709412e-02 3.022994473576545715e-02
3.328070044517517090e-02 3.004956059157848358e-02
3.322889283299446106e-02 2.876792289316654205e-02
3.315293043851852417e-02 2.811724133789539337e-02
3.341184183955192566e-02 2.900590002536773682e-02
3.326378017663955688e-02 2.796915546059608459e-02
nan nan
