3.260370716452598572e-02 2.984936535358428955e-02
3.245907276868820190e-02 2.797302603721618652e-02
3.271453082561492920e-02 3.042421303689479828e-02
3.283882513642311096e-02 3.153479099273681641e-02
3.279875591397285461e-02 3.176224231719970703e-02
3.292752802371978760e-02 3.266340866684913635e-02
3.305500745773315430e-02 3.326284140348434448e-02
3.296838328242301941e-02 3.264880925416946411e-02
3.292347118258476257e-02 3.247804194688796997e-02
3.294017538428306580e-02 3.244754672050476074e-02
3.297847881913185120e-02 3.271813690662384033e-02
3.460863232612609863e-02 4.128112271428108215e-02
3.302216157317161560e-02 3.304323181509971619e-02
3.302183374762535095e-02 3.321522474288940430e-02
3.305259346961975098e-02 3.329894319176673889e-02
3.309028968214988708e-02 3.385126963257789612e-02
3.311554715037345886e-02 3.377304971218109131e-02
3.303982317447662354e-02 3.332696482539176941e-02
3.305177763104438782e-02 3.333730623126029968e-02
3.308776021003723145e-02 3.366199880838394165e-02
3.308880701661109924e-02 3.362759575247764587e-02
3.308673575520515442e-02 3.367805853486061096e-02
3.314304351806640625e-02 3.396781533956527710e-02
3.373785689473152161e-02 3.746259957551956177e-02
3.311675414443016052e-02 3.374528139829635620e-02
3.308374434709548950e-02 3.361253067851066589e-02
3.307774290442466736e-02 3.361651301383972168e-02
3.301166743040084839e-02 3.311526775360107422e-02
3.305374458432197571e-02 3.337871655821800232e-02
3.302347660064697266e-02 3.323563560843467712e-02
3.306046128273010254e-02 3.329282626509666443e-02
3.305467218160629272e-02 3.328558430075645447e-02
3.303746134042739868e-02 3.310386091470718384e-02
3.304155915975570679e-02 3.302721306681632996e-02
3.303629159927368164e-02 3.314671292901039124e-02
3.337365761399269104e-02 3.364363312721252441e-02
3.295577690005302429e-02 3.237985819578170776e-02
3.293152153491973877e-02 3.206259012222290039e-02
3.292262181639671326e-02 3.213822841644287109e-02
3.275600075721740723e-02 3.068531490862369537e-02
3.280224278569221497e-02 3.105021640658378601e-02
3.277752175927162170e-02 3.102947585284709930e-02
3.283306956291198730e-02 3.140290081501007080e-02
3.300434723496437073e-02 3.299397230148315430e-02
3.302530571818351746e-02 3.303521126508712769e-02
3.303364291787147522e-02 3.313833475112915039e-02
3.304981067776679993e-02 3.324886411428451538e-02
3.290951624512672424e-02 3.141344338655471802e-02
3.300620615482330322e-02 3.284170106053352356e-02
3.300569951534271240e-02 3.290524333715438843e-02
3.298722207546234131e-02 3.272774815559387207e-02
3.298357501626014709e-02 3.264220058917999268e-02
3.296859934926033020e-02 3.263096883893013000e-02
3.296586871147155762e-02 3.267834335565567017e-02
3.298866376280784607e-02 3.282665088772773743e-02
3.302948549389839172e-02 3.311473131179809570e-02
3.303050622344017029e-02 3.310761228203773499e-02
3.295410424470901489e-02 3.251887485384941101e-02
3.292649611830711365e-02 3.233339637517929077e-02
3.221516311168670654e-02 2.652617916464805603e-02
3.290472179651260376e-02 3.166743740439414978e-02
3.285816311836242676e-02 3.139230981469154358e-02
3.297718241810798645e-02 3.253006190061569214e-02
3.296211734414100647e-02 3.258192539215087891e-02
3.299025818705558777e-02 3.275172412395477295e-02
3.294779732823371887e-02 3.264232724905014038e-02
3.299313783645629883e-02 3.302603214979171753e-02
3.306197375059127808e-02 3.346180915832519531e-02
3.302178904414176941e-02 3.296406567096710205e-02
3.309928253293037415e-02 3.350419923663139343e-02
3.298982977867126465e-02 3.298410773277282715e-02
3.396048769354820251e-02 3.814247995615005493e-02
3.303612023591995239e-02 3.334962576627731323e-02
3.314092010259628296e-02 3.401172161102294922e-02
3.310791030526161194e-02 3.371763601899147034e-02
3.310509026050567627e-02 3.378373011946678162e-02
3.309836238622665405e-02 3.382649272680282593e-02
3.314128145575523376e-02 3.413462638854980469e-02
3.308146819472312927e-02 3.396714851260185242e-02
3.308062627911567688e-02 3.371823951601982117e-02
3.305391594767570496e-02 3.363395109772682190e-02
3.316584974527359009e-02 3.414161875844001770e-02
3.316387534141540527e-02 3.414595872163772583e-02
3.284412994980812073e-02 3.225262090563774109e-02
3.320695832371711731e-02 3.442960605025291443e-02
3.322519734501838684e-02 3.448488190770149231e-02
3.322498872876167297e-02 3.453403338789939880e-02
3.317493572831153870e-02 3.423143550753593445e-02
3.319953009486198425e-02 3.446003794670104980e-02
3.320122882723808289e-02 3.446894511580467224e-02
3.318136557936668396e-02 3.438238799571990967e-02
3.329426050186157227e-02 3.511033579707145691e-02
3.324847668409347534e-02 3.465067222714424133e-02
3.325035423040390015e-02 3.465357422828674316e-02
3.325711190700531006e-02 3.471896052360534668e-02
3.367776796221733093e-02 3.584104031324386597e-02
3.332887962460517883e-02 3.514356911182403564e-02
3.330755233764648438e-02 3.505649045109748840e-02
3.338094428181648254e-02 3.564461693167686462e-02
3.339505195617675781e-02 3.555542230606079102e-02
3.339961171150207520e-02 3.567237034440040588e-02
3.340229764580726624e-02 3.553082793951034546e-02
3.326034918427467346e-02 3.468252718448638916e-02
3.344804421067237854e-02 3.590818122029304504e-02
3.331994265317916870e-02 3.518291562795639038e-02
3.341439738869667053e-02 3.581289574503898621e-02
3.353298455476760864e-02 3.639752417802810669e-02
3.458221256732940674e-02 4.307236522436141968e-02
3.332993015646934509e-02 3.505381196737289429e-02
3.359702229499816895e-02 3.663258999586105347e-02
3.356205299496650696e-02 3.620373085141181946e-02
3.342173248529434204e-02 3.543199598789215088e-02
3.367457538843154907e-02 3.712594881653785706e-02
3.351720049977302551e-02 3.597436100244522095e-02
3.333606943488121033e-02 3.527793660759925842e-02
3.307924419641494751e-02 3.360618650913238525e-02
3.314147144556045532e-02 3.404881432652473450e-02
3.312750905752182007e-02 3.401798754930496216e-02
3.305632993578910828e-02 3.342205286026000977e-02
3.511392697691917419e-02 4.699508100748062134e-02
3.301202878355979919e-02 3.307164832949638367e-02
3.300913795828819275e-02 3.285435959696769714e-02
3.304905816912651062e-02 3.338041529059410095e-02
3.304926306009292603e-02 3.327268734574317932e-02
3.307386860251426697e-02 3.340770676732063293e-02
3.308378159999847412e-02 3.358747065067291260e-02
3.313538059592247009e-02 3.417604416608810425e-02
3.308693692088127136e-02 3.377952054142951965e-02
3.312695398926734924e-02 3.398204594850540161e-02
3.311391547322273254e-02 3.379626944661140442e-02
3.304624930024147034e-02 3.332449123263359070e-02
3.287145867943763733e-02 3.177808225154876709e-02
3.308884426951408386e-02 3.353651240468025208e-02
3.307917341589927673e-02 3.338670358061790466e-02
3.312554955482482910e-02 3.364907205104827881e-02
3.308154270052909851e-02 3.319558501243591309e-02
3.305434808135032654e-02 3.284998238086700439e-02
3.295278176665306091e-02 3.224140778183937073e-02
3.308369591832160950e-02 3.344643861055374146e-02
3.304167836904525757e-02 3.309253975749015808e-02
3.283308446407318115e-02 3.143892437219619751e-02
3.305184841156005859e-02 3.342473879456520081e-02
3.308029845356941223e-02 3.355162963271141052e-02
3.355220705270767212e-02 3.518256917595863342e-02
3.304315358400344849e-02 3.325157612562179565e-02
3.306755051016807556e-02 3.349214792251586914e-02
3.307954967021942139e-02 3.363442793488502502e-02
3.296528011560440063e-02 3.317057713866233826e-02
3.312049433588981628e-02 3.396290168166160583e-02
3.305234387516975403e-02 3.340287506580352783e-02
3.311806172132492065e-02 3.380583226680755615e-02
3.313203155994415283e-02 3.388617932796478271e-02
3.310243412852287292e-02 3.378572314977645874e-02
3.311644494533538818e-02 3.391378000378608704e-02
3.315270692110061646e-02 3.417265042662620544e-02
3.367960825562477112e-02 3.733525797724723816e-02
3.309963271021842957e-02 3.373506292700767517e-02
3.312272578477859497e-02 3.391122072935104370e-02
3.310745581984519958e-02 3.362170234322547913e-02
3.311209008097648621e-02 3.372865542769432068e-02
3.307838365435600281e-02 3.349882364273071289e-02
3.310485184192657471e-02 3.362569957971572876e-02
3.305944055318832397e-02 3.336619585752487183e-02
3.306073322892189026e-02 3.341272100806236267e-02
3.302413225173950195e-02 3.303289785981178284e-02
3.309450298547744751e-02 3.354305773973464966e-02
3.322002664208412170e-02 3.441935405135154724e-02
3.359006717801094055e-02 3.572249785065650940e-02
3.312901034951210022e-02 3.388040140271186829e-02
3.311024233698844910e-02 3.385335579514503479e-02
3.312641754746437073e-02 3.389350324869155884e-02
3.314508125185966492e-02 3.408665955066680908e-02
3.317127004265785217e-02 3.420306369662284851e-02
3.317945823073387146e-02 3.415626287460327148e-02
3.317825123667716980e-02 3.397673368453979492e-02
3.320734202861785889e-02 3.442223742604255676e-02
3.325788304209709167e-02 3.472004830837249756e-02
3.305467590689659119e-02 3.370029106736183167e-02
3.313631936907768250e-02 3.423217311501502991e-02
3.339884430170059204e-02 3.606038913130760193e-02
3.314673900604248047e-02 3.414127975702285767e-02
3.317598998546600342e-02 3.421322256326675415e-02
3.315964341163635254e-02 3.414573892951011658e-02
3.319964185357093811e-02 3.424720466136932373e-02
3.316247090697288513e-02 3.410546109080314636e-02
3.325362876057624817e-02 3.485931828618049622e-02
3.318160027265548706e-02 3.433878719806671143e-02
3.316784650087356567e-02 3.427439555525779724e-02
3.320153802633285522e-02 3.446356952190399170e-02
3.323959559202194214e-02 3.470779955387115479e-02
3.322063386440277100e-02 3.455286100506782532e-02
3.373337164521217346e-02 3.705891966819763184e-02
3.323255106806755066e-02 3.464730083942413330e-02
3.317261487245559692e-02 3.430762887001037598e-02
3.323906287550926208e-02 3.476347774267196655e-02
3.319226205348968506e-02 3.431215137243270874e-02
3.319738060235977173e-02 3.446029871702194214e-02
3.320687264204025269e-02 3.452366963028907776e-02
3.318431600928306580e-02 3.422949463129043579e-02
3.319761902093887329e-02 3.436724469065666199e-02
3.324766084551811218e-02 3.482361137866973877e-02
3.320899605751037598e-02 3.454225137829780579e-02
3.321592509746551514e-02 3.451744094491004944e-02
3.433610126376152039e-02 4.133505001664161682e-02
3.323556855320930481e-02 3.459615260362625122e-02
3.320711851119995117e-02 3.438475728034973145e-02
3.322349116206169128e-02 3.436082601547241211e-02
3.317964822053909302e-02 3.422338888049125671e-02
3.318475931882858276e-02 3.423522785305976868e-02
3.324998170137405396e-02 3.481288626790046692e-02
3.315620869398117065e-02 3.427198901772499084e-02
3.318427875638008118e-02 3.430855274200439453e-02
3.317265585064888000e-02 3.435919433832168579e-02
3.316289559006690979e-02 3.407326340675354004e-02
3.313616290688514709e-02 3.391806408762931824e-02
3.384763747453689575e-02 3.766300901770591736e-02
3.317276388406753540e-02 3.410074114799499512e-02
3.315353021025657654e-02 3.411915898323059082e-02
3.313218802213668823e-02 3.383558616042137146e-02
3.307016193866729736e-02 3.342622518539428711e-02
3.308678790926933289e-02 3.357211872935295105e-02
3.309052810072898865e-02 3.356511518359184265e-02
3.304984793066978455e-02 3.325533121824264526e-02
3.306321427226066589e-02 3.326783701777458191e-02
3.304798528552055359e-02 3.329901769757270813e-02
3.303313627839088440e-02 3.311198204755783081e-02
3.304807469248771667e-02 3.323286026716232300e-02
3.327450901269912720e-02 3.348267450928688049e-02
3.302253782749176025e-02 3.307506814599037170e-02
3.294500708580017090e-02 3.268207982182502747e-02
3.297492861747741699e-02 3.270129114389419556e-02
3.292328864336013794e-02 3.220942616462707520e-02
3.292340785264968872e-02 3.206515684723854065e-02
3.299651667475700378e-02 3.264616429805755615e-02
3.301398828625679016e-02 3.289807215332984924e-02
3.305946290493011475e-02 3.325587138533592224e-02
3.305187076330184937e-02 3.349778428673744202e-02
3.306195512413978577e-02 3.351242840290069580e-02
3.309512510895729065e-02 3.380209952592849731e-02
3.309898450970649719e-02 3.298904001712799072e-02
3.306148946285247803e-02 3.346251696348190308e-02
3.310144692659378052e-02 3.362922370433807373e-02
3.304960206151008606e-02 3.331797942519187927e-02
3.305711969733238220e-02 3.321146219968795776e-02
3.300133720040321350e-02 3.294528275728225708e-02
3.307538107037544250e-02 3.352291882038116455e-02
3.302079811692237854e-02 3.320053964853286743e-02
3.302982077002525330e-02 3.333632275462150574e-02
3.303856030106544495e-02 3.338606655597686768e-02
3.304086625576019287e-02 3.324891626834869385e-02
3.301730006933212280e-02 3.317908570170402527e-02
3.476799279451370239e-02 4.337196052074432373e-02
3.297860175371170044e-02 3.280393779277801514e-02
3.297614306211471558e-02 3.272956237196922302e-02
3.292850032448768616e-02 3.258136659860610962e-02
3.291845694184303284e-02 3.224362060427665710e-02
3.302303701639175415e-02 3.300031274557113647e-02
3.294832259416580200e-02 3.256954997777938843e-02
3.296266868710517883e-02 3.269857168197631836e-02
3.289741650223731995e-02 3.188900277018547058e-02
3.293051198124885559e-02 3.205754235386848450e-02
3.291438519954681396e-02 3.198653459548950195e-02
3.301572427153587341e-02 3.293137252330780029e-02
3.274835273623466492e-02 2.953598648309707642e-02
3.297587111592292786e-02 3.273750469088554382e-02
3.300421684980392456e-02 3.290167823433876038e-02
3.300442919135093689e-02 3.300183266401290894e-02
3.296899795532226562e-02 3.276954218745231628e-02
3.300759196281433105e-02 3.306034207344055176e-02
3.297665342688560486e-02 3.292088955640792847e-02
3.294967859983444214e-02 3.255411982536315918e-02
3.300769999623298645e-02 3.288525715470314026e-02
3.299582749605178833e-02 3.291479125618934631e-02
3.297058120369911194e-02 3.281252831220626831e-02
3.297683596611022949e-02 3.290714323520660400e-02
3.306267410516738892e-02 3.285828605294227600e-02
3.297557309269905090e-02 3.287725895643234253e-02
3.299939632415771484e-02 3.302993997931480408e-02
3.300446644425392151e-02 3.316137567162513733e-02
3.298757970333099365e-02 3.278331458568572998e-02
3.297832235693931580e-02 3.285575285553932190e-02
3.304204717278480530e-02 3.329134732484817505e-02
3.310525417327880859e-02 3.373672068119049072e-02
3.311458230018615723e-02 3.369205817580223083e-02
3.310878947377204895e-02 3.384199738502502441e-02
3.305217251181602478e-02 3.345458209514617920e-02
3.308257088065147400e-02 3.356026485562324524e-02
3.385122120380401611e-02 3.874491900205612183e-02
3.305794671177864075e-02 3.346547111868858337e-02
3.309172019362449646e-02 3.364821523427963257e-02
3.307497128844261169e-02 3.354979306459426880e-02
3.308280557394027710e-02 3.355434909462928772e-02
3.309764713048934937e-02 3.361891210079193115e-02
3.314890339970588684e-02 3.389808535575866699e-02
3.313965350389480591e-02 3.401685506105422974e-02
3.307531401515007019e-02 3.380646556615829468e-02
3.304294496774673462e-02 3.343342244625091553e-02
3.303179889917373657e-02 3.343134373426437378e-02
3.310527279973030090e-02 3.398928046226501465e-02
3.449143096804618835e-02 4.335340484976768494e-02
3.307452425360679626e-02 3.368219733238220215e-02
3.308695554733276367e-02 3.371288627386093140e-02
3.311715647578239441e-02 3.383625298738479614e-02
3.312421962618827820e-02 3.381013870239257812e-02
3.307611495256423950e-02 3.346784412860870361e-02
3.314701467752456665e-02 3.399849310517311096e-02
3.314359486103057861e-02 3.392911329865455627e-02
3.310702741146087646e-02 3.356228768825531006e-02
3.306046500802040100e-02 3.332023695111274719e-02
3.302549943327903748e-02 3.318466618657112122e-02
3.302760794758796692e-02 3.334351256489753723e-02
3.348130732774734497e-02 3.578606992959976196e-02
3.309117257595062256e-02 3.372282162308692932e-02
3.303024545311927795e-02 3.309924900531768799e-02
3.301686421036720276e-02 3.316724300384521484e-02
3.306890651583671570e-02 3.337786719202995300e-02
3.314812853932380676e-02 3.392649814486503601e-02
3.306680545210838318e-02 3.342196345329284668e-02
3.311891481280326843e-02 3.369548544287681580e-02
3.312770649790763855e-02 3.394749760627746582e-02
3.313237428665161133e-02 3.397080302238464355e-02
3.308350220322608948e-02 3.368410095572471619e-02
3.310262784361839294e-02 3.381085023283958435e-02
3.476309776306152344e-02 4.507075250148773193e-02
3.311780467629432678e-02 3.398406133055686951e-02
3.308395296335220337e-02 3.370897099375724792e-02
3.308494389057159424e-02 3.353343904018402100e-02
3.308036923408508301e-02 3.347377106547355652e-02
3.311766311526298523e-02 3.365812450647354126e-02
3.308594226837158203e-02 3.348408639430999756e-02
3.306476771831512451e-02 3.347866982221603394e-02
3.306438401341438293e-02 3.349724039435386658e-02
3.310493752360343933e-02 3.373241424560546875e-02
3.310299292206764221e-02 3.364929556846618652e-02
3.306258469820022583e-02 3.337612375617027283e-02
3.326160088181495667e-02 3.323754295706748962e-02
3.304513543844223022e-02 3.318808972835540771e-02
3.307108581066131592e-02 3.328678384423255920e-02
3.289813548326492310e-02 3.236233443021774292e-02
3.289099037647247314e-02 3.231634572148323059e-02
3.286910802125930786e-02 3.217628598213195801e-02
3.300877287983894348e-02 3.272866085171699524e-02
3.286276385188102722e-02 3.175607323646545410e-02
3.293567895889282227e-02 3.185928612947463989e-02
3.297052159905433655e-02 3.199945390224456787e-02
3.292194008827209473e-02 3.148474544286727905e-02
3.293552994728088379e-02 3.180912882089614868e-02
3.488201275467872620e-02 4.365407302975654602e-02
3.276187926530838013e-02 3.048854693770408630e-02
3.267706185579299927e-02 2.945327013731002808e-02
3.270849958062171936e-02 2.948346920311450958e-02
3.250953927636146545e-02 2.674206346273422241e-02
3.258513659238815308e-02 2.687972970306873322e-02
3.262044489383697510e-02 2.690647542476654053e-02
3.268047422170639038e-02 2.776320651173591614e-02
3.262918069958686829e-02 2.777549251914024353e-02
3.288662433624267578e-02 3.005848452448844910e-02
3.302378579974174500e-02 3.307223320007324219e-02
3.305312991142272949e-02 3.335059806704521179e-02
3.281206637620925903e-02 3.060549125075340271e-02
3.294870629906654358e-02 3.265363350510597229e-02
3.303371742367744446e-02 3.324196115136146545e-02
3.309937939047813416e-02 3.373879194259643555e-02
3.303422406315803528e-02 3.324053436517715454e-02
3.303338214755058289e-02 3.304817900061607361e-02
3.300801664590835571e-02 3.285052627325057983e-02
3.299209102988243103e-02 3.282082825899124146e-02
3.304487466812133789e-02 3.314533084630966187e-02
3.293819725513458252e-02 3.242532163858413696e-02
3.292540088295936584e-02 3.253006935119628906e-02
3.295101970434188843e-02 3.268226608633995056e-02
3.166641294956207275e-02 2.226654626429080963e-02
3.294918313622474670e-02 3.259003534913063049e-02
3.293738886713981628e-02 3.241872787475585938e-02
3.292144834995269775e-02 3.240593522787094116e-02
3.291590511798858643e-02 3.241196647286415100e-02
3.280284255743026733e-02 3.171061724424362183e-02
3.288229554891586304e-02 3.214320912957191467e-02
3.287461027503013611e-02 3.213712573051452637e-02
3.282132744789123535e-02 3.166303411126136780e-02
3.276789933443069458e-02 3.145615383982658386e-02
3.281457722187042236e-02 3.148226067423820496e-02
3.278945386409759521e-02 3.130086138844490051e-02
3.189422935247421265e-02 2.334928512573242188e-02
3.291514143347740173e-02 3.232581913471221924e-02
3.287667408585548401e-02 3.194627910852432251e-02
3.279871866106987000e-02 3.152480348944664001e-02
3.285006061196327209e-02 3.182610869407653809e-02
3.285014629364013672e-02 3.182496502995491028e-02
3.287773951888084412e-02 3.203462809324264526e-02
3.282421082258224487e-02 3.182336688041687012e-02
3.282475844025611877e-02 3.167862445116043091e-02
3.283764421939849854e-02 3.192313015460968018e-02
3.289413079619407654e-02 3.221537172794342041e-02
3.282525017857551575e-02 3.164397552609443665e-02
3.176822513341903687e-02 2.345976978540420532e-02
3.290528804063796997e-02 3.246324136853218079e-02
3.291472420096397400e-02 3.244475275278091431e-02
3.291692212224006653e-02 3.262994810938835144e-02
3.296806663274765015e-02 3.269092738628387451e-02
3.292334079742431641e-02 3.250366821885108948e-02
3.296351805329322815e-02 3.274301066994667053e-02
3.293956443667411804e-02 3.259774297475814819e-02
3.297803923487663269e-02 3.281270712614059448e-02
3.292616084218025208e-02 3.252349421381950378e-02
3.295351937413215637e-02 3.283168375492095947e-02
3.297374397516250610e-02 3.289116546511650085e-02
3.262222185730934143e-02 3.008076362311840057e-02
3.305193781852722168e-02 3.346134349703788757e-02
3.310711681842803955e-02 3.384326398372650146e-02
3.309088200330734253e-02 3.365135192871093750e-02
3.311760723590850830e-02 3.387904167175292969e-02
3.314204141497612000e-02 3.405544161796569824e-02
3.304624184966087341e-02 3.339284285902976990e-02
3.308312594890594482e-02 3.368551284074783325e-02
3.309265151619911194e-02 3.364073485136032104e-02
3.310938179492950439e-02 3.380991518497467041e-02
3.310441598296165466e-02 3.383838385343551636e-02
3.307186812162399292e-02 3.344633802771568298e-02
3.252060711383819580e-02 2.930863574147224426e-02
3.305718675255775452e-02 3.341742232441902161e-02
3.305900469422340393e-02 3.346981108188629150e-02
3.305166214704513550e-02 3.341200575232505798e-02
3.309660032391548157e-02 3.380611911416053772e-02
3.300917148590087891e-02 3.304772451519966125e-02
3.300984203815460205e-02 3.315339609980583191e-02
3.297263011336326599e-02 3.284638002514839172e-02
3.302516043186187744e-02 3.318096324801445007e-02
3.297800943255424500e-02 3.279627487063407898e-02
3.295900300145149231e-02 3.274073451757431030e-02
3.297007083892822266e-02 3.267825022339820862e-02
3.230177983641624451e-02 2.704437263309955597e-02
3.297685086727142334e-02 3.299229219555854797e-02
3.294909000396728516e-02 3.276787698268890381e-02
3.289684653282165527e-02 3.231488913297653198e-02
3.299270197749137878e-02 3.292582184076309204e-02
3.299298882484436035e-02 3.297384455800056458e-02
3.292433544993400574e-02 3.253972530364990234e-02
3.296166285872459412e-02 3.275432065129280090e-02
3.299301117658615112e-02 3.299031779170036316e-02
3.294060379266738892e-02 3.259618952870368958e-02
3.289631754159927368e-02 3.248781710863113403e-02
3.293141722679138184e-02 3.260851651430130005e-02
3.252445161342620850e-02 2.860978059470653534e-02
3.299483284354209900e-02 3.317284956574440002e-02
3.298106044530868530e-02 3.299992531538009644e-02
3.300083428621292114e-02 3.302651643753051758e-02
3.297219797968864441e-02 3.292182087898254395e-02
3.324541077017784119e-02 3.517581522464752197e-02
3.295833989977836609e-02 3.282840177416801453e-02
3.300044313073158264e-02 3.310880064964294434e-02
3.293682634830474854e-02 3.277551755309104919e-02
3.289604932069778442e-02 3.244667127728462219e-02
3.294285386800765991e-02 3.282234445214271545e-02
3.295971825718879700e-02 3.294614702463150024e-02
3.277210891246795654e-02 2.987591177225112915e-02
3.293849155306816101e-02 3.261155635118484497e-02
3.298146277666091919e-02 3.287580236792564392e-02
3.308396786451339722e-02 3.375985473394393921e-02
3.298355266451835632e-02 3.287230432033538818e-02
3.334457427263259888e-02 3.585686534643173218e-02
3.300920128822326660e-02 3.321315720677375793e-02
3.296878188848495483e-02 3.305427357554435730e-02
3.301206976175308228e-02 3.329932689666748047e-02
3.296118602156639099e-02 3.275115042924880981e-02
3.305109962821006775e-02 3.337653353810310364e-02
3.305517882108688354e-02 3.328812867403030396e-02
3.128609806299209595e-02 1.982117258012294769e-02
3.304508700966835022e-02 3.331734240055084229e-02
3.308838233351707458e-02 3.371386975049972534e-02
3.306271508336067200e-02 3.354071825742721558e-02
3.303283452987670898e-02 3.346560522913932800e-02
3.303304314613342285e-02 3.352219983935356140e-02
3.300844877958297729e-02 3.317649289965629578e-02
3.298121690750122070e-02 3.295717388391494751e-02
3.298270329833030701e-02 3.310324624180793762e-02
3.294865041971206665e-02 3.266964480280876160e-02
3.290931880474090576e-02 3.219621255993843079e-02
3.305109590291976929e-02 3.331524878740310669e-02
3.185843303799629211e-02 2.339840307831764221e-02
3.298619017004966736e-02 3.295165672898292542e-02
3.306242078542709351e-02 3.332860767841339111e-02
3.303216397762298584e-02 3.322000056505203247e-02
3.305277228355407715e-02 3.323429077863693237e-02
3.304301574826240540e-02 3.327769413590431213e-02
3.301756456494331360e-02 3.325569629669189453e-02
3.302701935172080994e-02 3.334125131368637085e-02
3.308170288801193237e-02 3.363758325576782227e-02
3.300263360142707825e-02 3.305630013346672058e-02
3.305756300687789917e-02 3.347596526145935059e-02
3.308510035276412964e-02 3.367903083562850952e-02
3.309331461787223816e-02 3.255411237478256226e-02
3.311650082468986511e-02 3.377478569746017456e-02
3.310115635395050049e-02 3.349263966083526611e-02
3.305571153759956360e-02 3.322258219122886658e-02
3.304868936538696289e-02 3.310120478272438049e-02
3.300820663571357727e-02 3.298062086105346680e-02
3.304643556475639343e-02 3.313926979899406433e-02
3.312715888023376465e-02 3.355771303176879883e-02
3.309099003672599792e-02 3.342701122164726257e-02
3.311719000339508057e-02 3.350133076310157776e-02
3.318010270595550537e-02 3.372962400317192078e-02
3.328024968504905701e-02 3.442652150988578796e-02
3.372517973184585571e-02 3.472689166665077209e-02
3.337569907307624817e-02 3.517883643507957458e-02
3.360632061958312988e-02 3.650419041514396667e-02
3.346672281622886658e-02 3.570690006017684937e-02
3.343429043889045715e-02 3.537486866116523743e-02
3.370656073093414307e-02 3.698512166738510132e-02
3.356776759028434753e-02 3.586315363645553589e-02
3.358727693557739258e-02 3.623755648732185364e-02
3.330671787261962891e-02 3.477594628930091858e-02
3.299602121114730835e-02 3.285402432084083557e-02
3.299417719244956970e-02 3.274564072489738464e-02
3.300744295120239258e-02 3.299023211002349854e-02
3.231720626354217529e-02 2.714335732161998749e-02
3.303768485784530640e-02 3.315797820687294006e-02
3.303658962249755859e-02 3.319308534264564514e-02
3.301214054226875305e-02 3.313048183917999268e-02
3.300786390900611877e-02 3.311569616198539734e-02
3.294722363352775574e-02 3.269805014133453369e-02
3.302168473601341248e-02 3.308959677815437317e-02
3.299850970506668091e-02 3.293330967426300049e-02
3.300758078694343567e-02 3.306113928556442261e-02
3.295167908072471619e-02 3.267166763544082642e-02
3.295828774571418762e-02 3.273908793926239014e-02
3.298672288656234741e-02 3.288478404283523560e-02
3.219605237245559692e-02 2.549930289387702942e-02
3.296180814504623413e-02 3.283409774303436279e-02
3.303156420588493347e-02 3.321027010679244995e-02
3.297762200236320496e-02 3.288097307085990906e-02
3.302226215600967407e-02 3.317667171359062195e-02
3.299125283956527710e-02 3.293737024068832397e-02
3.302546218037605286e-02 3.314853459596633911e-02
3.302798420190811157e-02 3.312676772475242615e-02
3.305554389953613281e-02 3.326011076569557190e-02
3.300339728593826294e-02 3.308374807238578796e-02
3.303079679608345032e-02 3.341416269540786743e-02
3.303274139761924744e-02 3.331669420003890991e-02
3.232580795884132385e-02 2.571772783994674683e-02
3.306118026375770569e-02 3.340807184576988220e-02
3.308090567588806152e-02 3.348152711987495422e-02
3.301981836557388306e-02 3.319081664085388184e-02
3.305905312299728394e-02 3.342897817492485046e-02
3.301835060119628906e-02 3.308597579598426819e-02
3.305986896157264709e-02 3.340907767415046692e-02
3.303140774369239807e-02 3.332366421818733215e-02
3.302265703678131104e-02 3.316740319132804871e-02
3.300195559859275818e-02 3.297181800007820129e-02
3.304151818156242371e-02 3.312623500823974609e-02
3.294945508241653442e-02 3.255656361579895020e-02
3.313002735376358032e-02 3.201989457011222839e-02
3.303468227386474609e-02 3.324541822075843811e-02
3.304386883974075317e-02 3.325526416301727295e-02
3.304749354720115662e-02 3.335490822792053223e-02
3.306717425584793091e-02 3.365845978260040283e-02
3.303283080458641052e-02 3.316463902592658997e-02
3.296978771686553955e-02 3.280739113688468933e-02
3.299687057733535767e-02 3.286008164286613464e-02
3.301819786429405212e-02 3.293008729815483093e-02
3.303978592157363892e-02 3.315828368067741394e-02
3.299633786082267761e-02 3.283098340034484863e-02
3.305367007851600647e-02 3.337236866354942322e-02
3.282208740711212158e-02 2.925376966595649719e-02
3.310180082917213440e-02 3.376895561814308167e-02
3.304224088788032532e-02 3.334523364901542664e-02
3.309298679232597351e-02 3.361591696739196777e-02
3.307485952973365784e-02 3.348536789417266846e-02
3.302561864256858826e-02 3.320966660976409912e-02
3.302380070090293884e-02 3.328263387084007263e-02
3.313764929771423340e-02 3.376536443829536438e-02
3.312027826905250549e-02 3.367656469345092773e-02
3.311965242028236389e-02 3.387843817472457886e-02
3.310644254088401794e-02 3.393457457423210144e-02
3.313407674431800842e-02 3.393543139100074768e-02
3.340103477239608765e-02 3.509686887264251709e-02
3.312506154179573059e-02 3.395705297589302063e-02
3.310418128967285156e-02 3.391898795962333679e-02
3.310912847518920898e-02 3.388356044888496399e-02
3.312214463949203491e-02 3.399283438920974731e-02
3.312913328409194946e-02 3.405160084366798401e-02
3.316504880785942078e-02 3.437448292970657349e-02
3.320625424385070801e-02 3.469313681125640869e-02
3.315080702304840088e-02 3.427201136946678162e-02
3.310567140579223633e-02 3.398803621530532837e-02
3.310722112655639648e-02 3.399110957980155945e-02
3.312608972191810608e-02 3.405084088444709778e-02
3.358773887157440186e-02 3.802984207868576050e-02
3.307710215449333191e-02 3.367369994521141052e-02
3.308938443660736084e-02 3.373678773641586304e-02
3.307292610406875610e-02 3.365978598594665527e-02
3.309552371501922607e-02 3.384594246745109558e-02
3.302786499261856079e-02 3.326935321092605591e-02
3.303582966327667236e-02 3.339396789669990540e-02
3.303036093711853027e-02 3.337137028574943542e-02
3.297543898224830627e-02 3.283343091607093811e-02
3.295143321156501770e-02 3.268037363886833191e-02
3.307173401117324829e-02 3.348301723599433899e-02
3.299783915281295776e-02 3.290736302733421326e-02
3.402257338166236877e-02 3.899756819009780884e-02
3.309279680252075195e-02 3.368322923779487610e-02
3.303533419966697693e-02 3.321180120110511780e-02
3.304990381002426147e-02 3.330535069108009338e-02
3.311557322740554810e-02 3.385929390788078308e-02
3.309665620326995850e-02 3.358657285571098328e-02
3.308833017945289612e-02 3.377409279346466064e-02
3.300644829869270325e-02 3.311085328459739685e-02
3.308673202991485596e-02 3.364494442939758301e-02
3.308822587132453918e-02 3.356875479221343994e-02
3.306471183896064758e-02 3.358918055891990662e-02
3.305975720286369324e-02 3.345935791730880737e-02
3.415679559111595154e-02 4.019564762711524963e-02
3.319920971989631653e-02 3.458385914564132690e-02
3.308223932981491089e-02 3.350753337144851685e-02
3.299723193049430847e-02 3.308359161019325256e-02
3.312134742736816406e-02 3.381777182221412659e-02
3.308994323015213013e-02 3.356442973017692566e-02
3.310229256749153137e-02 3.380513191223144531e-02
3.316437453031539917e-02 3.410431742668151855e-02
3.311341255903244019e-02 3.374882787466049194e-02
3.302161395549774170e-02 3.298390656709671021e-02
3.304107487201690674e-02 3.322049975395202637e-02
3.295494243502616882e-02 3.262760117650032043e-02
3.364911302924156189e-02 3.594689071178436279e-02
3.303613886237144470e-02 3.307928889989852905e-02
3.313400968909263611e-02 3.368783369660377502e-02
3.306176885962486267e-02 3.334629535675048828e-02
3.308444097638130188e-02 3.354043513536453247e-02
3.307117521762847900e-02 3.342703729867935181e-02
3.299964219331741333e-02 3.285408020019531250e-02
3.299464285373687744e-02 3.276510909199714661e-02
3.301752358675003052e-02 3.292983025312423706e-02
3.299853578209877014e-02 3.285451978445053101e-02
3.292080387473106384e-02 3.234454616904258728e-02
3.297683224081993103e-02 3.266889974474906921e-02
3.220868483185768127e-02 2.551638707518577576e-02
3.265082836151123047e-02 3.018140792846679688e-02
3.266853839159011841e-02 3.033106774091720581e-02
3.262276574969291687e-02 3.013896383345127106e-02
3.259341791272163391e-02 2.967955917119979858e-02
3.257967159152030945e-02 2.945475466549396515e-02
3.259744122624397278e-02 2.968160808086395264e-02
3.266814351081848145e-02 3.014381416141986847e-02
3.259802982211112976e-02 2.961369417607784271e-02
3.251642733812332153e-02 2.890970930457115173e-02
3.253737837076187134e-02 2.933141961693763733e-02
3.263228014111518860e-02 3.000786714255809784e-02
3.233558684587478638e-02 2.494537085294723511e-02
3.276112303137779236e-02 3.087513893842697144e-02
3.279860317707061768e-02 3.105566464364528656e-02
3.281081095337867737e-02 3.113175369799137115e-02
3.289064392447471619e-02 3.179729729890823364e-02
3.285006806254386902e-02 3.172336891293525696e-02
3.294031322002410889e-02 3.242745622992515564e-02
3.291602805256843567e-02 3.222399577498435974e-02
3.301400691270828247e-02 3.306599333882331848e-02
3.304186463356018066e-02 3.322676941752433777e-02
3.302163258194923401e-02 3.312930464744567871e-02
3.306007757782936096e-02 3.336179628968238831e-02
3.274798020720481873e-02 2.919261157512664795e-02
3.301038965582847595e-02 3.304931893944740295e-02
3.302638977766036987e-02 3.323999047279357910e-02
3.307889401912689209e-02 3.346761316061019897e-02
3.306539356708526611e-02 3.330689668655395508e-02
3.307954594492912292e-02 3.340720385313034058e-02
3.309295699000358582e-02 3.346801921725273132e-02
3.304754197597503662e-02 3.335449844598770142e-02
3.307749330997467041e-02 3.343623876571655273e-02
3.301477804780006409e-02 3.305782377719879150e-02
3.304871916770935059e-02 3.336778655648231506e-02
3.305843845009803772e-02 3.329565748572349548e-02
3.318551182746887207e-02 3.211387246847152710e-02
3.305836021900177002e-02 3.340977057814598083e-02
3.303059563040733337e-02 3.326039016246795654e-02
3.297191858291625977e-02 3.280228003859519958e-02
3.303024917840957642e-02 3.331056982278823853e-02
3.300422430038452148e-02 3.298022598028182983e-02
3.301433473825454712e-02 3.321538120508193970e-02
3.300753980875015259e-02 3.308853507041931152e-02
3.302499279379844666e-02 3.323117643594741821e-02
3.308856859803199768e-02 3.359239175915718079e-02
3.309258818626403809e-02 3.367862105369567871e-02
3.305723145604133606e-02 3.330640122294425964e-02
3.397648036479949951e-02 3.826759010553359985e-02
3.309579193592071533e-02 3.360458835959434509e-02
3.308001533150672913e-02 3.355415165424346924e-02
3.310632333159446716e-02 3.369934111833572388e-02
3.310470655560493469e-02 3.357591107487678528e-02
3.305675834417343140e-02 3.330698236823081970e-02
3.309752419590950012e-02 3.342515230178833008e-02
3.307478874921798706e-02 3.344379365444183350e-02
3.311232104897499084e-02 3.380236029624938965e-02
3.312105312943458557e-02 3.408320620656013489e-02
3.309062868356704712e-02 3.370103240013122559e-02
3.313249722123146057e-02 3.385272249579429626e-02
3.351774811744689941e-02 3.439598530530929565e-02
3.307913243770599365e-02 3.350599482655525208e-02
3.306571766734123230e-02 3.322704508900642395e-02
3.307858109474182129e-02 3.343503922224044800e-02
3.304108977317810059e-02 3.312734514474868774e-02
3.305082023143768311e-02 3.335827589035034180e-02
3.300081565976142883e-02 3.302227333188056946e-02
3.300077095627784729e-02 3.280537202954292297e-02
3.300706297159194946e-02 3.289903327822685242e-02
3.303191810846328735e-02 3.311902657151222229e-02
3.296865522861480713e-02 3.259803354740142822e-02
3.294864296913146973e-02 3.260396048426628113e-02
3.314631804823875427e-02 3.186525776982307434e-02
3.300554677844047546e-02 3.280880674719810486e-02
3.305953741073608398e-02 3.318319842219352722e-02
3.299072384834289551e-02 3.271766006946563721e-02
3.293805196881294250e-02 3.228766098618507385e-02
3.298653662204742432e-02 3.261659294366836548e-02
3.298387676477432251e-02 3.250704705715179443e-02
3.300127387046813965e-02 3.263336047530174255e-02
3.290251642465591431e-02 3.191340342164039612e-02
3.291326388716697693e-02 3.215234354138374329e-02
3.287035599350929260e-02 3.177702426910400391e-02
3.292484953999519348e-02 3.218498080968856812e-02
3.348889574408531189e-02 3.350705653429031372e-02
3.300203755497932434e-02 3.252810612320899963e-02
3.293237462639808655e-02 3.198906034231185913e-02
3.283588960766792297e-02 3.090726956725120544e-02
3.285408765077590942e-02 3.119364567101001740e-02
3.290791809558868408e-02 3.141200914978981018e-02
3.290874138474464417e-02 3.165861591696739197e-02
3.284177929162979126e-02 3.095586597919464111e-02
3.291705995798110962e-02 3.168630972504615784e-02
3.282086551189422607e-02 3.080556355416774750e-02
3.281824663281440735e-02 3.090581484138965607e-02
3.272609040141105652e-02 3.025104105472564697e-02
3.287537023425102234e-02 2.958473935723304749e-02
3.282188624143600464e-02 3.102742694318294525e-02
3.286287561058998108e-02 3.160626813769340515e-02
3.295097127556800842e-02 3.234652429819107056e-02
3.294341638684272766e-02 3.244574740529060364e-02
3.294940292835235596e-02 3.243661299347877502e-02
3.296859562397003174e-02 3.250209614634513855e-02
3.295933827757835388e-02 3.232153877615928650e-02
3.294402733445167542e-02 3.235759213566780090e-02
3.292762860655784607e-02 3.221744298934936523e-02
3.296768292784690857e-02 3.250075876712799072e-02
3.300278633832931519e-02 3.285951539874076843e-02
3.348278626799583435e-02 3.322529047727584839e-02
3.309010714292526245e-02 3.356769308447837830e-02
3.312814980745315552e-02 3.375298529863357544e-02
3.307795152068138123e-02 3.354299440979957581e-02
3.302307426929473877e-02 3.280574083328247070e-02
3.305702656507492065e-02 3.320737928152084351e-02
3.309191763401031494e-02 3.346221148967742920e-02
3.318449482321739197e-02 3.425924852490425110e-02
3.304821625351905823e-02 3.332174941897392273e-02
3.307389467954635620e-02 3.353220596909523010e-02
3.302965313196182251e-02 3.318510577082633972e-02
3.298810124397277832e-02 3.282761573791503906e-02
3.304120153188705444e-02 3.257901221513748169e-02
3.305127099156379700e-02 3.348129987716674805e-02
3.303878009319305420e-02 3.333640843629837036e-02
3.304007276892662048e-02 3.336280584335327148e-02
3.304437175393104553e-02 3.342685475945472717e-02
3.309306129813194275e-02 3.354286402463912964e-02
3.303856775164604187e-02 3.322134539484977722e-02
3.295583277940750122e-02 3.257706761360168457e-02
3.307088464498519897e-02 3.352585434913635254e-02
3.305551409721374512e-02 3.333341702818870544e-02
3.305022418498992920e-02 3.337316215038299561e-02
3.299052268266677856e-02 3.294497355818748474e-02
3.246994689106941223e-02 2.856697328388690948e-02
3.309058025479316711e-02 3.361365571618080139e-02
3.305995464324951172e-02 3.331798687577247620e-02
3.307963162660598755e-02 3.356478735804557800e-02
3.299520909786224365e-02 3.291432932019233704e-02
3.307943046092987061e-02 3.352180495858192444e-02
3.302033990621566772e-02 3.309352695941925049e-02
3.306531533598899841e-02 3.343096747994422913e-02
3.310091421008110046e-02 3.366447240114212036e-02
3.307187557220458984e-02 3.340898826718330383e-02
3.309194371104240417e-02 3.359264507889747620e-02
3.304142877459526062e-02 3.312561661005020142e-02
3.312822803854942322e-02 3.175776451826095581e-02
3.302734717726707458e-02 3.299878910183906555e-02
3.295980393886566162e-02 3.266151621937751770e-02
3.293672949075698853e-02 3.230360895395278931e-02
3.292325139045715332e-02 3.227496147155761719e-02
3.300220519304275513e-02 3.286456689238548279e-02
3.292860835790634155e-02 3.226000070571899414e-02
3.290705382823944092e-02 3.207200393080711365e-02
3.295127674937248230e-02 3.262070938944816589e-02
3.298069164156913757e-02 3.265560045838356018e-02
3.303161263465881348e-02 3.316230699419975281e-02
3.300841152667999268e-02 3.305900096893310547e-02
3.374044224619865417e-02 3.725434839725494385e-02
3.303119912743568420e-02 3.315372765064239502e-02
3.307951986789703369e-02 3.343467041850090027e-02
3.301094844937324524e-02 3.280699998140335083e-02
3.300681710243225098e-02 3.278966993093490601e-02
3.304741159081459045e-02 3.311304375529289246e-02
3.293275088071823120e-02 3.227270394563674927e-02
3.290527313947677612e-02 3.229512646794319153e-02
3.292611241340637207e-02 3.238847851753234863e-02
3.302877396345138550e-02 3.316918760538101196e-02
3.305404260754585266e-02 3.348500281572341919e-02
3.306893259286880493e-02 3.373268619179725647e-02
3.335038945078849792e-02 3.466418758034706116e-02
3.306407481431961060e-02 3.336817026138305664e-02
3.312604874372482300e-02 3.399640321731567383e-02
3.309294581413269043e-02 3.361798450350761414e-02
3.304990008473396301e-02 3.329437971115112305e-02
3.307877480983734131e-02 3.357219323515892029e-02
3.305568173527717590e-02 3.351353853940963745e-02
3.309652581810951233e-02 3.367083892226219177e-02
3.309201821684837341e-02 3.365572914481163025e-02
3.302966058254241943e-02 3.302028402686119080e-02
3.304711729288101196e-02 3.313465788960456848e-02
3.305101022124290466e-02 3.331668302416801453e-02
3.348317369818687439e-02 3.504197672009468079e-02
3.299636766314506531e-02 3.298607468605041504e-02
3.301896527409553528e-02 3.318258374929428101e-02
3.298251330852508545e-02 3.292330354452133179e-02
3.293401747941970825e-02 3.260691836476325989e-02
3.300950303673744202e-02 3.303587064146995544e-02
3.302574530243873596e-02 3.302721679210662842e-02
3.303376212716102600e-02 3.297497332096099854e-02
3.297825530171394348e-02 3.232911974191665649e-02
3.280697762966156006e-02 3.114317916333675385e-02
3.268336504697799683e-02 3.013423830270767212e-02
3.267729654908180237e-02 3.015918470919132233e-02
3.338847681879997253e-02 3.172326087951660156e-02
3.249652683734893799e-02 2.827967330813407898e-02
3.267966583371162415e-02 3.023917786777019501e-02
3.271802142262458801e-02 3.050455078482627869e-02
3.275652229785919189e-02 3.068808838725090027e-02
3.279769048094749451e-02 3.118874505162239075e-02
3.293483331799507141e-02 3.202478587627410889e-02
3.286262974143028259e-02 3.142199665307998657e-02
3.283562138676643372e-02 3.133145719766616821e-02
3.270019590854644775e-02 3.022088296711444855e-02
3.224569186568260193e-02 2.682154625654220581e-02
3.208934515714645386e-02 2.568701095879077911e-02
3.066371753811836243e-02 1.451578922569751740e-02
3.182071447372436523e-02 2.373572066426277161e-02
3.185521811246871948e-02 2.390824258327484131e-02
3.182181343436241150e-02 2.381208539009094238e-02
3.217522054910659790e-02 2.641982957720756531e-02
3.209559619426727295e-02 2.589485794305801392e-02
3.223817050457000732e-02 2.702289819717407227e-02
3.184685856103897095e-02 2.401676401495933533e-02
3.187773004174232483e-02 2.489998191595077515e-02
3.232691437005996704e-02 2.795979753136634827e-02
3.260764107108116150e-02 2.987622097134590149e-02
3.263611719012260437e-02 3.011179529130458832e-02
3.238312900066375732e-02 2.657263353466987610e-02
3.270180523395538330e-02 3.044116683304309845e-02
3.271527588367462158e-02 3.040034510195255280e-02
3.255679458379745483e-02 2.949709817767143250e-02
3.272439539432525635e-02 3.044448792934417725e-02
3.363746777176856995e-02 3.685783594846725464e-02
3.276163339614868164e-02 3.063912689685821533e-02
3.283722698688507080e-02 3.129091113805770874e-02
3.281873837113380432e-02 3.115804120898246765e-02
3.285033628344535828e-02 3.131262958049774170e-02
3.266347572207450867e-02 2.986950799822807312e-02
3.276103734970092773e-02 3.037697821855545044e-02
3.184780851006507874e-02 2.128165774047374725e-02
3.283058851957321167e-02 3.046300634741783142e-02
3.269942477345466614e-02 2.915409207344055176e-02
3.275504708290100098e-02 3.009108081459999084e-02
3.289679810404777527e-02 3.034069202840328217e-02
3.302040696144104004e-02 3.274141624569892883e-02
3.296197205781936646e-02 3.251600638031959534e-02
3.302158787846565247e-02 3.299569711089134216e-02
3.300798684358596802e-02 3.302364423871040344e-02
3.296021372079849243e-02 3.270627558231353760e-02
3.291027620434761047e-02 3.245876729488372803e-02
3.303380310535430908e-02 3.310093283653259277e-02
3.273154050111770630e-02 2.917630225419998169e-02
3.297753259539604187e-02 3.273402899503707886e-02
3.303654491901397705e-02 3.311399742960929871e-02
3.308039158582687378e-02 3.358723968267440796e-02
3.307892009615898132e-02 3.350299596786499023e-02
3.305426239967346191e-02 3.328033536672592163e-02
3.303251042962074280e-02 3.313641250133514404e-02
3.308644890785217285e-02 3.348862379789352417e-02
3.310166299343109131e-02 3.358969464898109436e-02
3.312183171510696411e-02 3.376483172178268433e-02
3.307176008820533752e-02 3.337889164686203003e-02
3.311388567090034485e-02 3.371714428067207336e-02
3.309971094131469727e-02 3.180813416838645935e-02
3.315897285938262939e-02 3.417901694774627686e-02
3.314417600631713867e-02 3.421529382467269897e-02
3.308838233351707458e-02 3.371364623308181763e-02
3.308933600783348083e-02 3.367955610156059265e-02
3.291619569063186646e-02 3.232774138450622559e-02
3.297542780637741089e-02 3.270560130476951599e-02
3.302978724241256714e-02 3.301656618714332581e-02
3.291768208146095276e-02 3.223086521029472351e-02
3.305942937731742859e-02 3.339105099439620972e-02
3.310774266719818115e-02 3.376306965947151184e-02
3.311298042535781860e-02 3.398584574460983276e-02
3.339655324816703796e-02 3.475453332066535950e-02
3.313061967492103577e-02 3.392519056797027588e-02
3.315570577979087830e-02 3.415680304169654846e-02
3.308298066258430481e-02 3.351251780986785889e-02
3.310716152191162109e-02 3.348758444190025330e-02
3.310403972864151001e-02 3.359409421682357788e-02
3.311679139733314514e-02 3.360906615853309631e-02
3.315295651555061340e-02 3.383632004261016846e-02
3.314980491995811462e-02 3.394701704382896423e-02
3.312176093459129333e-02 3.370685502886772156e-02
3.315237164497375488e-02 3.382275998592376709e-02
3.315876424312591553e-02 3.403355181217193604e-02
3.302772343158721924e-02 3.132056072354316711e-02
3.316363692283630371e-02 3.391000628471374512e-02
3.318909183144569397e-02 3.391546010971069336e-02
3.312743082642555237e-02 3.339849412441253662e-02
3.311219066381454468e-02 3.353558853268623352e-02
3.316442668437957764e-02 3.380630537867546082e-02
3.303695842623710632e-02 3.307757154107093811e-02
3.312908858060836792e-02 3.382554650306701660e-02
3.297987207770347595e-02 3.285163640975952148e-02
3.302698209881782532e-02 3.320690616965293884e-02
3.292223066091537476e-02 3.239978477358818054e-02
3.300313279032707214e-02 3.289158642292022705e-02
3.313998505473136902e-02 3.202800825238227844e-02
3.299095481634140015e-02 3.280249610543251038e-02
3.302448987960815430e-02 3.305514529347419739e-02
3.299918770790100098e-02 3.302229940891265869e-02
3.305662795901298523e-02 3.332336246967315674e-02
3.305455669760704041e-02 3.338443115353584290e-02
3.301686048507690430e-02 3.310066834092140198e-02
3.295872732996940613e-02 3.269209712743759155e-02
3.300754353404045105e-02 3.304336220026016235e-02
3.301251679658889771e-02 3.308133035898208618e-02
3.299931436777114868e-02 3.303388133645057678e-02
3.298741579055786133e-02 3.302682936191558838e-02
3.252588957548141479e-02 2.849536575376987457e-02
3.300525248050689697e-02 3.311772644519805908e-02
3.304412215948104858e-02 3.329546004533767700e-02
3.307172283530235291e-02 3.370558843016624451e-02
3.300897032022476196e-02 3.314290940761566162e-02
3.301887586712837219e-02 3.329750522971153259e-02
3.293631970882415771e-02 3.266281634569168091e-02
3.302048146724700928e-02 3.316343575716018677e-02
3.298752754926681519e-02 3.310589119791984558e-02
3.297696262598037720e-02 3.293291479349136353e-02
3.297618031501770020e-02 3.283204510807991028e-02
3.301885351538658142e-02 3.314319998025894165e-02
3.312719240784645081e-02 3.339323773980140686e-02
3.304250165820121765e-02 3.344294056296348572e-02
3.314233571290969849e-02 3.424894437193870544e-02
3.310150280594825745e-02 3.365039080381393433e-02
3.306389600038528442e-02 3.324913233518600464e-02
3.303918987512588501e-02 3.338086605072021484e-02
3.293866664171218872e-02 3.257599845528602600e-02
3.299532458186149597e-02 3.303788602352142334e-02
3.305672481656074524e-02 3.340880572795867920e-02
3.306825086474418640e-02 3.345657885074615479e-02
3.302387893199920654e-02 3.316272422671318054e-02
3.309574723243713379e-02 3.366015851497650146e-02
3.274559602141380310e-02 2.835181169211864471e-02
3.294878453016281128e-02 3.261590749025344849e-02
3.282942250370979309e-02 3.187995404005050659e-02
3.285798430442810059e-02 3.192581981420516968e-02
3.300087526440620422e-02 3.291058540344238281e-02
3.299340978264808655e-02 3.278769925236701965e-02
3.302474319934844971e-02 3.304767236113548279e-02
3.298776969313621521e-02 3.316235169768333435e-02
3.307722881436347961e-02 3.365970775485038757e-02
3.312152251601219177e-02 3.407346084713935852e-02
3.299994766712188721e-02 3.306745365262031555e-02
3.306047245860099792e-02 3.334450721740722656e-02
3.156576678156852722e-02 2.225762978196144104e-02
3.306705132126808167e-02 3.333371505141258240e-02
3.311944752931594849e-02 3.352269902825355530e-02
3.283689916133880615e-02 3.124885633587837219e-02
3.271014988422393799e-02 3.081930242478847504e-02
3.282216936349868774e-02 3.229339793324470520e-02
3.256617486476898193e-02 3.099313750863075256e-02
3.246184438467025757e-02 2.979381382465362549e-02
3.281358256936073303e-02 3.117831610143184662e-02
3.289987519383430481e-02 3.120619431138038635e-02
3.274711221456527710e-02 3.021595999598503113e-02
3.271563351154327393e-02 3.025022149085998535e-02
3.224092349410057068e-02 2.538891881704330444e-02
3.268254548311233521e-02 3.087303787469863892e-02
3.246277570724487305e-02 2.981268987059593201e-02
3.253705427050590515e-02 3.002507425844669342e-02
3.265198320150375366e-02 3.042058832943439484e-02
3.275616466999053955e-02 3.099719434976577759e-02
3.276917710900306702e-02 3.100914694368839264e-02
3.280799835920333862e-02 3.116022981703281403e-02
3.267633542418479919e-02 3.024844452738761902e-02
3.276096656918525696e-02 3.081847168505191803e-02
3.278312459588050842e-02 3.072868101298809052e-02
3.287591040134429932e-02 3.107270039618015289e-02
3.365152701735496521e-02 3.171982243657112122e-02
3.274665027856826782e-02 3.020109981298446655e-02
3.280558064579963684e-02 3.135325759649276733e-02
3.238887712359428406e-02 2.899480611085891724e-02
3.258579224348068237e-02 3.066300041973590851e-02
3.258186206221580505e-02 3.018000535666942596e-02
3.273548185825347900e-02 3.103025257587432861e-02
3.277852758765220642e-02 3.093639388680458069e-02
3.274719044566154480e-02 2.959647774696350098e-02
3.286664560437202454e-02 3.072771430015563965e-02
3.280182927846908569e-02 3.022320009768009186e-02
3.276581689715385437e-02 3.048389405012130737e-02
3.274269029498100281e-02 2.816588059067726135e-02
3.283696994185447693e-02 3.143104910850524902e-02
3.279037028551101685e-02 3.145148977637290955e-02
3.282060474157333374e-02 3.135385736823081970e-02
3.284712508320808411e-02 3.143506497144699097e-02
3.279900178313255310e-02 3.070059791207313538e-02
3.287927806377410889e-02 3.122267872095108032e-02
3.290442749857902527e-02 3.096440993249416351e-02
3.280778974294662476e-02 3.047890216112136841e-02
3.293014317750930786e-02 3.127496317028999329e-02
3.278355300426483154e-02 3.044955991208553314e-02
3.295855596661567688e-02 3.218196332454681396e-02
3.277670592069625854e-02 2.812116965651512146e-02
3.265643492341041565e-02 2.959950454533100128e-02
3.277104347944259644e-02 3.087150305509567261e-02
3.293864428997039795e-02 3.170496970415115356e-02
3.281943127512931824e-02 3.034333512187004089e-02
3.284038975834846497e-02 3.073570877313613892e-02
3.280713781714439392e-02 3.041817061603069305e-02
3.275759145617485046e-02 3.008390590548515320e-02
3.300666809082031250e-02 3.225925192236900330e-02
3.292453661561012268e-02 3.131183236837387085e-02
3.314582630991935730e-02 3.310387954115867615e-02
3.312386944890022278e-02 3.338164836168289185e-02
3.352464362978935242e-02 3.175087273120880127e-02
3.320677950978279114e-02 3.378420695662498474e-02
3.331004455685615540e-02 3.429747372865676880e-02
3.325773403048515320e-02 3.422879427671432495e-02
3.335113450884819031e-02 3.459694236516952515e-02
3.341633453965187073e-02 3.504930064082145691e-02
3.329940885305404663e-02 3.436303138732910156e-02
3.337828814983367920e-02 3.453317657113075256e-02
3.341886401176452637e-02 3.446541354060173035e-02
3.371265903115272522e-02 3.598403185606002808e-02
3.390371799468994141e-02 3.611624240875244141e-02
3.390160948038101196e-02 3.570993617177009583e-02
3.590857982635498047e-02 4.168824478983879089e-02
3.462608531117439270e-02 3.700247406959533691e-02
3.472159802913665771e-02 3.722326457500457764e-02
3.548585250973701477e-02 4.229440540075302124e-02
3.375132381916046143e-02 3.414348140358924866e-02
3.312887623906135559e-02 3.323170542716979980e-02
3.314941748976707458e-02 3.347519040107727051e-02
3.304969146847724915e-02 3.303075581789016724e-02
3.309210762381553650e-02 3.373536467552185059e-02
3.308434039354324341e-02 3.366093710064888000e-02
3.311707079410552979e-02 3.382796421647071838e-02
3.307148814201354980e-02 3.346760943531990051e-02
2.560922130942344666e-02 -2.178087830543518066e-02
3.313173726201057434e-02 3.383326530456542969e-02
3.313029929995536804e-02 3.368994221091270447e-02
3.309313207864761353e-02 3.373969346284866333e-02
3.303236141800880432e-02 3.304726630449295044e-02
3.317536041140556335e-02 3.407710045576095581e-02
3.309164941310882568e-02 3.345909714698791504e-02
3.312238678336143494e-02 3.344151750206947327e-02
3.305153176188468933e-02 3.306179866194725037e-02
3.318936005234718323e-02 3.312367573380470276e-02
3.317658230662345886e-02 3.359689563512802124e-02
3.320772200822830200e-02 3.312357887625694275e-02
3.395401686429977417e-02 2.928563952445983887e-02
3.295060992240905762e-02 2.677140012383460999e-02
3.265061229467391968e-02 2.598040923476219177e-02
3.303037583827972412e-02 3.280524909496307373e-02
3.295293077826499939e-02 3.250293433666229248e-02
3.294027969241142273e-02 3.220593556761741638e-02
3.288307413458824158e-02 3.192299604415893555e-02
3.291336447000503540e-02 3.206731006503105164e-02
3.289002552628517151e-02 3.196961432695388794e-02
3.286353498697280884e-02 3.187893331050872803e-02
3.293497860431671143e-02 3.228158503770828247e-02
3.291628137230873108e-02 3.227504715323448181e-02
3.381913155317306519e-02 3.620069101452827454e-02
3.303452208638191223e-02 3.307017683982849121e-02
3.304572030901908875e-02 3.315496817231178284e-02
3.304467722773551941e-02 3.311239928007125854e-02
3.311114758253097534e-02 3.374715149402618408e-02
3.311171010136604309e-02 3.376131504774093628e-02
3.310186788439750671e-02 3.380435332655906677e-02
3.305007889866828918e-02 3.352959081530570984e-02
3.305301815271377563e-02 3.357106447219848633e-02
3.303819149732589722e-02 3.359544649720191956e-02
3.302608430385589600e-02 3.338465094566345215e-02
3.304291144013404846e-02 3.343564271926879883e-02
3.606025502085685730e-02 5.380333960056304932e-02
3.308194503188133240e-02 3.358478099107742310e-02
3.303620219230651855e-02 3.323474153876304626e-02
3.307830542325973511e-02 3.343763947486877441e-02
3.310813009738922119e-02 3.377733007073402405e-02
3.310277312994003296e-02 3.373157232999801636e-02
3.309099748730659485e-02 3.358598053455352783e-02
3.311103209853172302e-02 3.383713588118553162e-02
3.307136520743370056e-02 3.339963778853416443e-02
3.304151073098182678e-02 3.330573812127113342e-02
3.303448110818862915e-02 3.323071077466011047e-02
3.307930380105972290e-02 3.336222842335700989e-02
3.310650587081909180e-02 3.129032999277114868e-02
3.310785815119743347e-02 3.365710377693176270e-02
3.306046873331069946e-02 3.334160894155502319e-02
3.304066509008407593e-02 3.312211111187934875e-02
3.303397446870803833e-02 3.324906155467033386e-02
3.304433450102806091e-02 3.313929587602615356e-02
3.305024281144142151e-02 3.319334983825683594e-02
3.302586451172828674e-02 3.316239640116691589e-02
3.302659466862678528e-02 3.307241946458816528e-02
3.301336988806724548e-02 3.299374133348464966e-02
3.304351493716239929e-02 3.326316550374031067e-02
3.303049877285957336e-02 3.325168043375015259e-02
3.216453641653060913e-02 2.499483898282051086e-02
3.299731016159057617e-02 3.301667794585227966e-02
3.294441848993301392e-02 3.275443613529205322e-02
3.309447318315505981e-02 3.379018604755401611e-02
3.897774964570999146e-02 7.404202222824096680e-02
3.289503231644630432e-02 3.216729313135147095e-02
3.290359303355216980e-02 3.221145272254943848e-02
3.289048001170158386e-02 3.212386369705200195e-02
3.285124897956848145e-02 3.166002035140991211e-02
3.282409161329269409e-02 3.164319321513175964e-02
3.284141793847084045e-02 3.193584084510803223e-02
3.272085636854171753e-02 3.026037663221359253e-02
3.227544948458671570e-02 2.724181488156318665e-02
3.290461003780364990e-02 3.218004852533340454e-02
3.277876973152160645e-02 3.142561763525009155e-02
3.274668380618095398e-02 3.080187551677227020e-02
3.288019821047782898e-02 3.209732472896575928e-02
3.280296176671981812e-02 3.132365643978118896e-02
3.273264318704605103e-02 3.072126954793930054e-02
3.267977014183998108e-02 3.030625171959400177e-02
3.252070769667625427e-02 2.938373014330863953e-02
3.284018114209175110e-02 3.177908062934875488e-02
3.266282379627227783e-02 3.065460547804832458e-02
3.262250125408172607e-02 3.033946454524993896e-02
3.196473419666290283e-02 2.510342188179492950e-02
3.254482150077819824e-02 2.953838557004928589e-02
3.258600831031799316e-02 2.997730486094951630e-02
3.271725028753280640e-02 3.084561228752136230e-02
3.271187841892242432e-02 3.087488561868667603e-02
3.282201290130615234e-02 3.145765140652656555e-02
3.291958570480346680e-02 3.217645734548568726e-02
3.296888247132301331e-02 3.273613750934600830e-02
3.292437642812728882e-02 3.237636387348175049e-02
3.276219964027404785e-02 3.110838495194911957e-02
3.277671337127685547e-02 3.134591877460479736e-02
3.289609402418136597e-02 3.216836601495742798e-02
3.270956873893737793e-02 3.101362287998199463e-02
3.291658312082290649e-02 3.240359947085380554e-02
3.293371945619583130e-02 3.249167650938034058e-02
3.260441869497299194e-02 2.971864119172096252e-02
3.271281346678733826e-02 3.081559948623180389e-02
3.288081660866737366e-02 3.227549046277999878e-02
3.294195607304573059e-02 3.271506354212760925e-02
3.297597542405128479e-02 3.293858096003532410e-02
3.301607444882392883e-02 3.318593278527259827e-02
3.304634243249893188e-02 3.335846588015556335e-02
3.305683657526969910e-02 3.353812918066978455e-02
3.297177702188491821e-02 3.286313265562057495e-02
3.294709697365760803e-02 3.214633837342262268e-02
3.309326246380805969e-02 3.378899767994880676e-02
3.303430974483489990e-02 3.337190300226211548e-02
3.296036645770072937e-02 3.282318264245986938e-02
3.305487707257270813e-02 3.343616053462028503e-02
3.286892175674438477e-02 3.184404969215393066e-02
3.284366801381111145e-02 3.197086974978446960e-02
3.296505287289619446e-02 3.278677165508270264e-02
3.306933492422103882e-02 3.341600671410560608e-02
3.303194046020507812e-02 3.332434967160224915e-02
3.307902440428733826e-02 3.351626917719841003e-02
3.310110047459602356e-02 3.368913382291793823e-02
3.332527726888656616e-02 3.423754498362541199e-02
3.307350352406501770e-02 3.362108021974563599e-02
3.307321295142173767e-02 3.342433646321296692e-02
3.302931785583496094e-02 3.338163718581199646e-02
3.303722664713859558e-02 3.325895220041275024e-02
3.303951770067214966e-02 3.343985602259635925e-02
3.302597254514694214e-02 3.319738060235977173e-02
3.307548165321350098e-02 3.338552638888359070e-02
3.300426900386810303e-02 3.295090049505233765e-02
3.293338418006896973e-02 3.266444057226181030e-02
3.303074836730957031e-02 3.316879644989967346e-02
3.303568437695503235e-02 3.330116346478462219e-02
3.325471282005310059e-02 3.336740285158157349e-02
3.308014199137687683e-02 3.353923559188842773e-02
3.305134922266006470e-02 3.349355980753898621e-02
3.302223607897758484e-02 3.318495675921440125e-02
3.300186246633529663e-02 3.309052810072898865e-02
3.305273130536079407e-02 3.347766771912574768e-02
3.304069116711616516e-02 3.344799950718879700e-02
3.303014114499092102e-02 3.334567323327064514e-02
3.302885219454765320e-02 3.328840807080268860e-02
3.307841718196868896e-02 3.353156149387359619e-02
3.302549198269844055e-02 3.316529095172882080e-02
3.304885327816009521e-02 3.331635519862174988e-02
nan nan
