3.547323495149612427e-02 5.092924833297729492e-02
3.449110686779022217e-02 4.335106164216995239e-02
3.459037467837333679e-02 4.232081770896911621e-02
3.412695601582527161e-02 4.003052040934562683e-02
3.353068605065345764e-02 3.653421252965927124e-02
3.339641168713569641e-02 3.542088717222213745e-02
3.343155607581138611e-02 3.597703948616981506e-02
3.324592486023902893e-02 3.480211272835731506e-02
3.324663266539573669e-02 3.470247611403465271e-02
3.338244184851646423e-02 3.547476604580879211e-02
3.336473926901817322e-02 3.539196401834487915e-02
3.438413143157958984e-02 4.187872260808944702e-02
3.348791971802711487e-02 3.640491515398025513e-02
3.363785147666931152e-02 3.722932189702987671e-02
3.381660953164100647e-02 3.848477452993392944e-02
3.374391421675682068e-02 3.825008496642112732e-02
3.365761414170265198e-02 3.745254874229431152e-02
3.373431786894798279e-02 3.778898343443870544e-02
3.360567614436149597e-02 3.721806779503822327e-02
3.365134075284004211e-02 3.746163100004196167e-02
3.344712033867835999e-02 3.620680049061775208e-02
3.334210440516471863e-02 3.535645455121994019e-02
3.348769992589950562e-02 3.627825528383255005e-02
3.480223938822746277e-02 4.450279846787452698e-02
3.345406055450439453e-02 3.633761033415794373e-02
3.347073495388031006e-02 3.632610663771629333e-02
3.347013890743255615e-02 3.628808632493019104e-02
3.352818638086318970e-02 3.669656440615653992e-02
3.351038321852684021e-02 3.625179827213287354e-02
3.352412953972816467e-02 3.613880276679992676e-02
3.344414755702018738e-02 3.606425970792770386e-02
3.334378451108932495e-02 3.539504483342170715e-02
3.334759920835494995e-02 3.551140800118446350e-02
3.340939059853553772e-02 3.611033782362937927e-02
3.330861777067184448e-02 3.547678887844085693e-02
3.553749620914459229e-02 5.014691874384880066e-02
3.337511047720909119e-02 3.576311096549034119e-02
3.333863243460655212e-02 3.549031540751457214e-02
3.340234234929084778e-02 3.577941283583641052e-02
3.343892097473144531e-02 3.607318177819252014e-02
3.343947976827621460e-02 3.595248982310295105e-02
3.334110230207443237e-02 3.531407564878463745e-02
3.339034691452980042e-02 3.557751327753067017e-02
3.321240097284317017e-02 3.466244414448738098e-02
3.332606330513954163e-02 3.561279922723770142e-02
3.331832960247993469e-02 3.530053794384002686e-02
3.326801583170890808e-02 3.504776954650878906e-02
3.411392122507095337e-02 4.062127694487571716e-02
3.339837491512298584e-02 3.577212244272232056e-02
3.349769487977027893e-02 3.639930859208106995e-02
3.344606980681419373e-02 3.611197695136070251e-02
3.341215848922729492e-02 3.590485826134681702e-02
3.338220715522766113e-02 3.581339120864868164e-02
3.338498622179031372e-02 3.540126606822013855e-02
3.322722762823104858e-02 3.461780771613121033e-02
3.326026350259780884e-02 3.489056974649429321e-02
3.322868794202804565e-02 3.467219695448875427e-02
3.322293236851692200e-02 3.466177731752395630e-02
3.321744129061698914e-02 3.450978174805641174e-02
3.810356929898262024e-02 6.865498423576354980e-02
3.324374184012413025e-02 3.495869413018226624e-02
3.336806222796440125e-02 3.548001497983932495e-02
3.323687240481376648e-02 3.470543399453163147e-02
3.323020413517951965e-02 3.441403061151504517e-02
3.339561074972152710e-02 3.524994477629661560e-02
3.333630785346031189e-02 3.483794257044792175e-02
3.343226388096809387e-02 3.549534454941749573e-02
3.329857066273689270e-02 3.487730398774147034e-02
3.295635432004928589e-02 3.261563926935195923e-02
3.324655443429946899e-02 3.450112417340278625e-02
3.336647897958755493e-02 3.470549359917640686e-02
3.658778220415115356e-02 5.719197168946266174e-02
3.298724815249443054e-02 3.278819844126701355e-02
3.319918364286422729e-02 3.433957695960998535e-02
3.349458798766136169e-02 3.604302182793617249e-02
3.328900039196014404e-02 3.452650085091590881e-02
3.351199999451637268e-02 3.658556938171386719e-02
3.324359282851219177e-02 3.479507565498352051e-02
3.322915360331535339e-02 3.465459123253822327e-02
3.318560123443603516e-02 3.441797196865081787e-02
3.315448388457298279e-02 3.450623899698257446e-02
3.360179811716079712e-02 3.681995719671249390e-02
3.328422829508781433e-02 3.503331542015075684e-02
3.381568193435668945e-02 3.888920694589614868e-02
3.323616459965705872e-02 3.474237397313117981e-02
3.321395814418792725e-02 3.468595445156097412e-02
3.329982236027717590e-02 3.474023565649986267e-02
3.314628452062606812e-02 3.356283530592918396e-02
3.307499736547470093e-02 3.358239680528640747e-02
3.301110863685607910e-02 3.365040943026542664e-02
3.320753574371337891e-02 3.509049862623214722e-02
3.339052572846412659e-02 3.600858896970748901e-02
3.322277590632438660e-02 3.430038690567016602e-02
3.345629200339317322e-02 3.592170029878616333e-02
3.333855047821998596e-02 3.513588383793830872e-02
3.420464321970939636e-02 4.188950359821319580e-02
3.309361636638641357e-02 3.386118635535240173e-02
3.311006724834442139e-02 3.415806218981742859e-02
3.307767212390899658e-02 3.396530076861381531e-02
3.304132074117660522e-02 3.375288099050521851e-02
3.310521319508552551e-02 3.418687731027603149e-02
3.301900252699851990e-02 3.388902172446250916e-02
3.309037908911705017e-02 3.415432944893836975e-02
3.311046212911605835e-02 3.395957872271537781e-02
3.320160508155822754e-02 3.437914326786994934e-02
3.324011340737342834e-02 3.444903343915939331e-02
3.333852440118789673e-02 3.518911078572273254e-02
3.445611149072647095e-02 4.188537597656250000e-02
3.323180228471755981e-02 3.471118211746215820e-02
3.358354791998863220e-02 3.726708143949508667e-02
3.353543579578399658e-02 3.701411187648773193e-02
3.371655941009521484e-02 3.850724920630455017e-02
3.396394476294517517e-02 4.023519158363342285e-02
3.370083495974540710e-02 3.823454305529594421e-02
3.328160569071769714e-02 3.491782769560813904e-02
3.330675885081291199e-02 3.537184000015258789e-02
3.311303257942199707e-02 3.413643315434455872e-02
3.322752192616462708e-02 3.477350249886512756e-02
3.326547518372535706e-02 3.484777361154556274e-02
3.616632893681526184e-02 5.340573191642761230e-02
3.332315757870674133e-02 3.530855476856231689e-02
3.340825438499450684e-02 3.598346561193466187e-02
3.338266909122467041e-02 3.589642420411109924e-02
3.336299210786819458e-02 3.599046170711517334e-02
3.330816701054573059e-02 3.523867949843406677e-02
3.332018852233886719e-02 3.545715287327766418e-02
3.338785097002983093e-02 3.574359416961669922e-02
3.343864530324935913e-02 3.626031801104545593e-02
3.338311240077018738e-02 3.594530001282691956e-02
3.346132859587669373e-02 3.644873201847076416e-02
3.339801356196403503e-02 3.594428300857543945e-02
3.633921220898628235e-02 5.643480271100997925e-02
3.340622410178184509e-02 3.602537512779235840e-02
3.361660242080688477e-02 3.773242980241775513e-02
3.366648033261299133e-02 3.801218792796134949e-02
3.361994028091430664e-02 3.747012466192245483e-02
3.340614214539527893e-02 3.581641241908073425e-02
3.307227417826652527e-02 3.346473351120948792e-02
3.314471617341041565e-02 3.403662890195846558e-02
3.313338384032249451e-02 3.389661759138107300e-02
3.316580876708030701e-02 3.391854465007781982e-02
3.312290832400321960e-02 3.369949012994766235e-02
3.310465440154075623e-02 3.366579115390777588e-02
3.938762098550796509e-02 7.714303582906723022e-02
3.317209705710411072e-02 3.424740582704544067e-02
3.311837092041969299e-02 3.380588814616203308e-02
3.314778953790664673e-02 3.394801169633865356e-02
3.312522545456886292e-02 3.373448178172111511e-02
3.314505517482757568e-02 3.400544449687004089e-02
3.305625542998313904e-02 3.342579677700996399e-02
3.316551819443702698e-02 3.402668237686157227e-02
3.311876580119132996e-02 3.381844237446784973e-02
3.315603360533714294e-02 3.410576283931732178e-02
3.318365663290023804e-02 3.426640108227729797e-02
3.325430676341056824e-02 3.463765978813171387e-02
3.606230765581130981e-02 5.253973603248596191e-02
3.314908966422080994e-02 3.427196666598320007e-02
3.318542242050170898e-02 3.439406305551528931e-02
3.312510624527931213e-02 3.400992974638938904e-02
3.301572427153587341e-02 3.330139443278312683e-02
3.305073827505111694e-02 3.334745019674301147e-02
3.302156925201416016e-02 3.318452090024948120e-02
3.300394490361213684e-02 3.299020230770111084e-02
3.307559713721275330e-02 3.352477401494979858e-02
3.305965289473533630e-02 3.335302323102951050e-02
3.297210484743118286e-02 3.284496441483497620e-02
3.304208815097808838e-02 3.326379135251045227e-02
3.534401580691337585e-02 4.625312611460685730e-02
3.313089162111282349e-02 3.350631147623062134e-02
3.317900747060775757e-02 3.380122408270835876e-02
3.318803384900093079e-02 3.403503075242042542e-02
3.307862952351570129e-02 3.384386748075485229e-02
3.296358510851860046e-02 3.339270502328872681e-02
3.312149271368980408e-02 3.371428698301315308e-02
3.317847847938537598e-02 3.358407318592071533e-02
3.318521380424499512e-02 3.360137715935707092e-02
3.303835913538932800e-02 3.243891894817352295e-02
3.292297199368476868e-02 3.174237906932830811e-02
3.302218392491340637e-02 3.244758397340774536e-02
3.528477996587753296e-02 4.583894088864326477e-02
3.306676447391510010e-02 3.349576517939567566e-02
3.283449262380599976e-02 3.216257691383361816e-02
3.281759098172187805e-02 3.192140534520149231e-02
3.296693041920661926e-02 3.222266584634780884e-02
3.283314034342765808e-02 3.117073513567447662e-02
3.283517807722091675e-02 3.140034154057502747e-02
3.314391151070594788e-02 3.246482089161872864e-02
3.295304253697395325e-02 3.110686503350734711e-02
3.327527269721031189e-02 3.293258696794509888e-02
3.339504823088645935e-02 3.448959067463874817e-02
3.346848487854003906e-02 3.612492978572845459e-02
3.401182591915130615e-02 3.981903567910194397e-02
3.314829990267753601e-02 3.484758362174034119e-02
3.323554620146751404e-02 3.500964865088462830e-02
3.311633691191673279e-02 3.371160849928855896e-02
3.311879932880401611e-02 3.269772231578826904e-02
3.312151506543159485e-02 3.303276002407073975e-02
3.325655683875083923e-02 3.385286778211593628e-02
3.329759836196899414e-02 3.419502079486846924e-02
3.315783664584159851e-02 3.384387120604515076e-02
3.319267928600311279e-02 3.390599042177200317e-02
3.312519937753677368e-02 3.394041210412979126e-02
3.339187800884246826e-02 3.618947044014930725e-02
3.306023776531219482e-02 3.395888581871986389e-02
3.334851190447807312e-02 3.557931259274482727e-02
3.329147771000862122e-02 3.575715795159339905e-02
3.335754945874214172e-02 3.584853187203407288e-02
3.320539370179176331e-02 3.457650169730186462e-02
3.334951400756835938e-02 3.529662266373634338e-02
3.356667235493659973e-02 3.637256473302841187e-02
3.353536501526832581e-02 3.561957925558090210e-02
3.342150524258613586e-02 3.461372107267379761e-02
3.344781696796417236e-02 3.506587073206901550e-02
3.340967744588851929e-02 3.506410494446754456e-02
3.314570710062980652e-02 3.313737735152244568e-02
3.351163119077682495e-02 3.599849715828895569e-02
3.314005956053733826e-02 3.395926952362060547e-02
3.293646499514579773e-02 3.252243623137474060e-02
3.299002721905708313e-02 3.271426633000373840e-02
3.303790837526321411e-02 3.222808986902236938e-02
3.314765170216560364e-02 3.172605484724044800e-02
3.347311168909072876e-02 3.438720479607582092e-02
3.353515639901161194e-02 3.431139513850212097e-02
3.364383801817893982e-02 3.556530177593231201e-02
3.359527140855789185e-02 3.560284525156021118e-02
3.326156362891197205e-02 3.446060046553611755e-02
3.346210345625877380e-02 3.548733144998550415e-02
3.383237123489379883e-02 3.850777819752693176e-02
3.324417769908905029e-02 3.437966480851173401e-02
3.315852582454681396e-02 3.322954475879669189e-02
3.298667073249816895e-02 3.092426247894763947e-02
3.350125998258590698e-02 3.415600210428237915e-02
3.353844210505485535e-02 3.486901521682739258e-02
3.368002176284790039e-02 3.533968329429626465e-02
3.375263884663581848e-02 3.566309064626693726e-02
3.389318659901618958e-02 3.610460832715034485e-02
3.366750851273536682e-02 3.395806998014450073e-02
3.441589325666427612e-02 3.787495940923690796e-02
3.436634317040443420e-02 3.699487075209617615e-02
3.616763651371002197e-02 4.707232117652893066e-02
3.540695458650588989e-02 4.121239855885505676e-02
3.480823710560798645e-02 3.621756657958030701e-02
3.551987558603286743e-02 4.130873084068298340e-02
3.513675183057785034e-02 3.928699344396591187e-02
3.461230546236038208e-02 3.560420498251914978e-02
3.446692228317260742e-02 3.656375035643577576e-02
3.465198725461959839e-02 3.801649436354637146e-02
3.407056629657745361e-02 3.636343777179718018e-02
3.325044363737106323e-02 3.459325805306434631e-02
3.313348814845085144e-02 3.382670879364013672e-02
3.303167968988418579e-02 3.312430903315544128e-02
3.392156586050987244e-02 3.898696228861808777e-02
3.315373510122299194e-02 3.418393433094024658e-02
3.306186944246292114e-02 3.334321826696395874e-02
3.319282457232475281e-02 3.364129364490509033e-02
3.300180286169052124e-02 3.318529203534126282e-02
3.290317207574844360e-02 3.230517357587814331e-02
3.300144150853157043e-02 3.303796052932739258e-02
3.302476927638053894e-02 3.304736688733100891e-02
3.306797891855239868e-02 3.318309783935546875e-02
3.310743719339370728e-02 3.365786373615264893e-02
3.307013958692550659e-02 3.385411947965621948e-02
3.304948285222053528e-02 3.377183526754379272e-02
3.316495567560195923e-02 3.480384498834609985e-02
3.311035782098770142e-02 3.392220288515090942e-02
3.309227153658866882e-02 3.394319489598274231e-02
3.310995921492576599e-02 3.382588922977447510e-02
3.314261510968208313e-02 3.398697450757026672e-02
3.308432176709175110e-02 3.361322358250617981e-02
3.322986885905265808e-02 3.461074829101562500e-02
3.315327689051628113e-02 3.414586558938026428e-02
3.312496468424797058e-02 3.402165696024894714e-02
3.317501395940780640e-02 3.432641178369522095e-02
3.314036503434181213e-02 3.403763473033905029e-02
3.315285220742225647e-02 3.416864201426506042e-02
3.428912907838821411e-02 4.128210619091987610e-02
3.317721188068389893e-02 3.437281027436256409e-02
3.319615125656127930e-02 3.443905338644981384e-02
3.314678743481636047e-02 3.415394574403762817e-02
3.308122605085372925e-02 3.382153436541557312e-02
3.314354643225669861e-02 3.410575166344642639e-02
3.309587016701698303e-02 3.376524895429611206e-02
3.313522040843963623e-02 3.406343236565589905e-02
3.316267207264900208e-02 3.416645899415016174e-02
3.312610089778900146e-02 3.385578840970993042e-02
3.313161805272102356e-02 3.381435200572013855e-02
3.318083658814430237e-02 3.437908366322517395e-02
3.422142565250396729e-02 4.123864322900772095e-02
3.318300470709800720e-02 3.434951230883598328e-02
3.318587318062782288e-02 3.416905924677848816e-02
3.319874778389930725e-02 3.433967381715774536e-02
3.304838389158248901e-02 3.318027034401893616e-02
3.315126523375511169e-02 3.390360623598098755e-02
3.320061787962913513e-02 3.433021157979965210e-02
3.307528421282768250e-02 3.349149972200393677e-02
3.304938226938247681e-02 3.341206908226013184e-02
3.319174051284790039e-02 3.428225964307785034e-02
3.318982571363449097e-02 3.411092236638069153e-02
3.314357250928878784e-02 3.413840383291244507e-02
3.737902268767356873e-02 6.136878579854965210e-02
3.314671665430068970e-02 3.430655226111412048e-02
3.318713605403900146e-02 3.435361757874488831e-02
3.331939503550529480e-02 3.523197770118713379e-02
3.336578235030174255e-02 3.584321588277816772e-02
3.351025283336639404e-02 3.663645684719085693e-02
3.319116309285163879e-02 3.443177789449691772e-02
3.315633162856101990e-02 3.407593443989753723e-02
3.315807506442070007e-02 3.402474895119667053e-02
3.309997171163558960e-02 3.381707891821861267e-02
3.321158513426780701e-02 3.450055420398712158e-02
3.310086950659751892e-02 3.369139879941940308e-02
3.480629250407218933e-02 4.446411505341529846e-02
3.316232562065124512e-02 3.430536389350891113e-02
3.323378413915634155e-02 3.460016101598739624e-02
3.324787318706512451e-02 3.486317768692970276e-02
3.328716009855270386e-02 3.506375476717948914e-02
3.328177705407142639e-02 3.502143919467926025e-02
3.334672749042510986e-02 3.548587858676910400e-02
3.312002494931221008e-02 3.372766450047492981e-02
3.311665356159210205e-02 3.367511928081512451e-02
3.312958031892776489e-02 3.370347991585731506e-02
3.306137025356292725e-02 3.343429788947105408e-02
3.312779217958450317e-02 3.386032581329345703e-02
3.407802432775497437e-02 3.926397487521171570e-02
3.312210366129875183e-02 3.396705538034439087e-02
3.315884619951248169e-02 3.410982713103294373e-02
3.306679427623748779e-02 3.369339928030967712e-02
3.304718434810638428e-02 3.331356495618820190e-02
3.306367248296737671e-02 3.326481953263282776e-02
3.307768702507019043e-02 3.342240676283836365e-02
3.301947936415672302e-02 3.307137265801429749e-02
3.311739116907119751e-02 3.390737995505332947e-02
3.304482996463775635e-02 3.332876041531562805e-02
3.314792364835739136e-02 3.373725339770317078e-02
3.312500566244125366e-02 3.393884375691413879e-02
3.333565220236778259e-02 3.393876925110816956e-02
3.309858962893486023e-02 3.367256745696067810e-02
3.309891000390052795e-02 3.370880335569381714e-02
3.309278935194015503e-02 3.364479169249534607e-02
3.307348862290382385e-02 3.335909172892570496e-02
3.311547264456748962e-02 3.357206657528877258e-02
3.310183435678482056e-02 3.358325362205505371e-02
3.307898342609405518e-02 3.347858041524887085e-02
3.306689485907554626e-02 3.320381417870521545e-02
3.300859779119491577e-02 3.276065737009048462e-02
3.306595236063003540e-02 3.350837156176567078e-02
3.312884643673896790e-02 3.367639333009719849e-02
3.362615406513214111e-02 3.532319143414497375e-02
3.312127292156219482e-02 3.361536934971809387e-02
3.313217312097549438e-02 3.354267403483390808e-02
3.309730067849159241e-02 3.316888958215713501e-02
3.295125067234039307e-02 3.227575868368148804e-02
3.283021971583366394e-02 3.102607652544975281e-02
3.273872286081314087e-02 3.057240135967731476e-02
3.278903290629386902e-02 3.045668452978134155e-02
3.240429982542991638e-02 2.805082872509956360e-02
3.243530914187431335e-02 2.767397463321685791e-02
3.268177807331085205e-02 2.952585183084011078e-02
3.282222151756286621e-02 3.043669648468494415e-02
3.388138487935066223e-02 3.634951263666152954e-02
3.304919600486755371e-02 3.292404487729072571e-02
3.298828378319740295e-02 3.304659202694892883e-02
3.316007927060127258e-02 3.369107097387313843e-02
3.300870954990386963e-02 3.329364582896232605e-02
3.300577402114868164e-02 3.336528316140174866e-02
3.322026878595352173e-02 3.430467844009399414e-02
3.311884030699729919e-02 3.389202058315277100e-02
3.322668746113777161e-02 3.462964668869972229e-02
3.324413299560546875e-02 3.421036154031753540e-02
3.340739011764526367e-02 3.562898561358451843e-02
3.329364955425262451e-02 3.523255512118339539e-02
3.430885821580886841e-02 4.254242405295372009e-02
3.412491828203201294e-02 4.085361212491989136e-02
3.370974212884902954e-02 3.800921887159347534e-02
3.374557569622993469e-02 3.794739022850990295e-02
3.308483213186264038e-02 3.369782492518424988e-02
3.320706263184547424e-02 3.454418480396270752e-02
3.306661918759346008e-02 3.350041806697845459e-02
3.311476856470108032e-02 3.370800614356994629e-02
3.361580148339271545e-02 3.724785521626472473e-02
3.380874916911125183e-02 3.866393491625785828e-02
3.318958356976509094e-02 3.435471653938293457e-02
3.292332217097282410e-02 3.250136971473693848e-02
3.339842334389686584e-02 3.548512980341911316e-02
3.316204994916915894e-02 3.406134992837905884e-02
3.310964629054069519e-02 3.387009352445602417e-02
3.312176838517189026e-02 3.386132791638374329e-02
3.314657509326934814e-02 3.366554155945777893e-02
3.326472640037536621e-02 3.490813076496124268e-02
3.307682275772094727e-02 3.382226824760437012e-02
3.306145966053009033e-02 3.357224911451339722e-02
3.300435468554496765e-02 3.324000909924507141e-02
3.302787616848945618e-02 3.327267244458198547e-02
3.305650129914283752e-02 3.322325646877288818e-02
3.292499110102653503e-02 3.257014229893684387e-02
3.370174020528793335e-02 3.321747109293937683e-02
3.305097296833992004e-02 3.353724256157875061e-02
3.329478576779365540e-02 3.369184955954551697e-02
3.313284739851951599e-02 3.392470628023147583e-02
3.315578773617744446e-02 3.420973569154739380e-02
3.314996510744094849e-02 3.412816673517227173e-02
3.318205475807189941e-02 3.424956277012825012e-02
3.319695219397544861e-02 3.433459252119064331e-02
3.316707164049148560e-02 3.420021757483482361e-02
3.317897766828536987e-02 3.404282033443450928e-02
3.313283622264862061e-02 3.377955779433250427e-02
3.308843076229095459e-02 3.366746380925178528e-02
3.593903779983520508e-02 4.411239922046661377e-02
3.313517197966575623e-02 3.389189764857292175e-02
3.310625627636909485e-02 3.388796001672744751e-02
3.312847763299942017e-02 3.352331742644309998e-02
3.308886662125587463e-02 3.391950950026512146e-02
3.312671929597854614e-02 3.385062515735626221e-02
3.326131775975227356e-02 3.456880897283554077e-02
3.318081051111221313e-02 3.400360047817230225e-02
3.328629210591316223e-02 3.489116579294204712e-02
3.323928266763687134e-02 3.459874168038368225e-02
3.315617516636848450e-02 3.409342467784881592e-02
3.309529274702072144e-02 3.359747305512428284e-02
3.453393280506134033e-02 4.239534586668014526e-02
3.313767537474632263e-02 3.380280733108520508e-02
3.311552852392196655e-02 3.362856805324554443e-02
3.307186812162399292e-02 3.325401619076728821e-02
3.300730511546134949e-02 3.289467841386795044e-02
3.305502980947494507e-02 3.294533118605613708e-02
3.308461606502532959e-02 3.324367478489875793e-02
3.303845226764678955e-02 3.297128528356552124e-02
3.307415544986724854e-02 3.337609022855758667e-02
3.316712006926536560e-02 3.375538811087608337e-02
3.306280821561813354e-02 3.312226384878158569e-02
3.320553153753280640e-02 3.421310707926750183e-02
3.087020479142665863e-02 1.669565960764884949e-02
3.287335857748985291e-02 3.164586797356605530e-02
3.285901620984077454e-02 3.148400038480758667e-02
3.256211429834365845e-02 2.926004491746425629e-02
3.279861807823181152e-02 3.098329529166221619e-02
3.264106437563896179e-02 3.008059225976467133e-02
3.294024243950843811e-02 3.216605633497238159e-02
3.313008323311805725e-02 3.385755047202110291e-02
3.304658830165863037e-02 3.342986479401588440e-02
3.313651308417320251e-02 3.403528034687042236e-02
3.312385827302932739e-02 3.390917927026748657e-02
3.312887996435165405e-02 3.396537899971008301e-02
3.563256934285163879e-02 4.949695244431495667e-02
3.311402723193168640e-02 3.379260376095771790e-02
3.322440013289451599e-02 3.448161110281944275e-02
3.318399935960769653e-02 3.424501791596412659e-02
3.309264406561851501e-02 3.361065685749053955e-02
3.311793506145477295e-02 3.387871384620666504e-02
3.309898078441619873e-02 3.351845964789390564e-02
3.311031311750411987e-02 3.371652215719223022e-02
3.315161541104316711e-02 3.393433243036270142e-02
3.306976333260536194e-02 3.333954513072967529e-02
3.308188542723655701e-02 3.342724591493606567e-02
3.315991535782814026e-02 3.395452722907066345e-02
3.200159966945648193e-02 2.411653473973274231e-02
3.306961059570312500e-02 3.347509354352951050e-02
3.310358524322509766e-02 3.363971412181854248e-02
3.308374062180519104e-02 3.344593942165374756e-02
3.304894641041755676e-02 3.315042331814765930e-02
3.302165865898132324e-02 3.276987746357917786e-02
3.313294425606727600e-02 3.379220142960548401e-02
3.316494077444076538e-02 3.410779684782028198e-02
3.327078744769096375e-02 3.469095006585121155e-02
3.321146219968795776e-02 3.438419848680496216e-02
3.332100063562393188e-02 3.508364409208297729e-02
3.337797522544860840e-02 3.515328839421272278e-02
3.422494232654571533e-02 3.532820940017700195e-02
3.335884585976600647e-02 3.429051861166954041e-02
3.346859291195869446e-02 3.476525470614433289e-02
3.344245254993438721e-02 3.424562886357307434e-02
3.313653543591499329e-02 3.260652348399162292e-02
3.307481110095977783e-02 3.297057375311851501e-02
3.309143707156181335e-02 3.351052477955818176e-02
3.311372548341751099e-02 3.378521651029586792e-02
3.306107595562934875e-02 3.357320278882980347e-02
3.306104987859725952e-02 3.339371457695960999e-02
3.319628909230232239e-02 3.419474512338638306e-02
3.314456716179847717e-02 3.377284109592437744e-02
3.489942103624343872e-02 4.386264458298683167e-02
3.315358608961105347e-02 3.391754627227783203e-02
3.313355520367622375e-02 3.394170477986335754e-02
3.309060633182525635e-02 3.367089480161666870e-02
3.307763859629631042e-02 3.354593366384506226e-02
3.310770913958549500e-02 3.390638530254364014e-02
3.309179097414016724e-02 3.354594483971595764e-02
3.310385718941688538e-02 3.377405181527137756e-02
3.304879739880561829e-02 3.345912694931030273e-02
3.310938552021980286e-02 3.378392383456230164e-02
3.311420977115631104e-02 3.381166979670524597e-02
3.306199610233306885e-02 3.352108970284461975e-02
3.359642624855041504e-02 3.465938940644264221e-02
3.313058614730834961e-02 3.388965874910354614e-02
3.317246213555335999e-02 3.406188264489173889e-02
3.312513604760169983e-02 3.381936252117156982e-02
3.310638293623924255e-02 3.380772471427917480e-02
3.311039879918098450e-02 3.396913409233093262e-02
3.308159112930297852e-02 3.363277763128280640e-02
3.308305516839027405e-02 3.361196443438529968e-02
3.310022875666618347e-02 3.365042060613632202e-02
3.310517966747283936e-02 3.378551453351974487e-02
3.306112810969352722e-02 3.348409011960029602e-02
3.307263553142547607e-02 3.363877162337303162e-02
3.431022167205810547e-02 4.017572104930877686e-02
3.308239206671714783e-02 3.365726396441459656e-02
3.318202495574951172e-02 3.442071378231048584e-02
3.312278166413307190e-02 3.386731073260307312e-02
3.311752527952194214e-02 3.390263766050338745e-02
3.307110816240310669e-02 3.356577083468437195e-02
3.302391991019248962e-02 3.325121104717254639e-02
3.314203396439552307e-02 3.397809341549873352e-02
3.313039988279342651e-02 3.392209485173225403e-02
3.313780203461647034e-02 3.400676697492599487e-02
3.311866521835327148e-02 3.384249284863471985e-02
3.311093151569366455e-02 3.389189392328262329e-02
3.339454159140586853e-02 3.393069282174110413e-02
3.307695686817169189e-02 3.362580388784408569e-02
3.310455754399299622e-02 3.378538787364959717e-02
3.308965265750885010e-02 3.357767313718795776e-02
3.308446705341339111e-02 3.365664556622505188e-02
3.308812901377677917e-02 3.355517238378524780e-02
3.311516717076301575e-02 3.381121158599853516e-02
3.310943394899368286e-02 3.377191349864006042e-02
3.312869742512702942e-02 3.381293639540672302e-02
3.297056630253791809e-02 3.287658095359802246e-02
3.307551890611648560e-02 3.351224958896636963e-02
3.308385238051414490e-02 3.331993147730827332e-02
3.276219218969345093e-02 2.878170832991600037e-02
3.306217864155769348e-02 3.357703611254692078e-02
3.305027261376380920e-02 3.337649255990982056e-02
3.306688740849494934e-02 3.354778885841369629e-02
3.307889029383659363e-02 3.363522514700889587e-02
3.309825807809829712e-02 3.368075191974639893e-02
3.304657712578773499e-02 3.328030928969383240e-02
3.310814127326011658e-02 3.360180929303169250e-02
3.307625651359558105e-02 3.357617929577827454e-02
3.310531005263328552e-02 3.370503708720207214e-02
3.310443088412284851e-02 3.367368876934051514e-02
3.311699256300926208e-02 3.361393511295318604e-02
3.436448052525520325e-02 4.079062491655349731e-02
3.308894112706184387e-02 3.355102986097335815e-02
3.305539488792419434e-02 3.340816870331764221e-02
3.300166130065917969e-02 3.294474631547927856e-02
3.306312486529350281e-02 3.334332630038261414e-02
3.300435468554496765e-02 3.288926556706428528e-02
3.308717161417007446e-02 3.349002450704574585e-02
3.314186260104179382e-02 3.367533162236213684e-02
3.311679884791374207e-02 3.332219272851943970e-02
3.315472602844238281e-02 3.386285156011581421e-02
3.317187353968620300e-02 3.411987051367759705e-02
3.316589817404747009e-02 3.387660905718803406e-02
3.584124520421028137e-02 4.608052968978881836e-02
3.327170014381408691e-02 3.435253724455833435e-02
3.338285908102989197e-02 3.467169031500816345e-02
3.367021307349205017e-02 3.462373092770576477e-02
3.351082280278205872e-02 3.254185244441032410e-02
3.385665267705917358e-02 3.586682304739952087e-02
3.339458256959915161e-02 3.419937193393707275e-02
3.400588035583496094e-02 3.380514681339263916e-02
3.357999026775360107e-02 3.454436734318733215e-02
3.315721824765205383e-02 3.418866544961929321e-02
3.330229967832565308e-02 3.489252179861068726e-02
3.323357179760932922e-02 3.465045616030693054e-02
4.281324893236160278e-02 8.936405181884765625e-02
3.318959847092628479e-02 3.453297540545463562e-02
3.316934406757354736e-02 3.418584167957305908e-02
3.316406160593032837e-02 3.427991643548011780e-02
3.332218155264854431e-02 3.533514589071273804e-02
3.319317102432250977e-02 3.451259434223175049e-02
3.326444327831268311e-02 3.493864834308624268e-02
3.319627791643142700e-02 3.438767045736312866e-02
3.337487950921058655e-02 3.573049232363700867e-02
3.332125768065452576e-02 3.525292873382568359e-02
3.341418877243995667e-02 3.601717576384544373e-02
3.363671526312828064e-02 3.772652894258499146e-02
3.760595992207527161e-02 6.559970974922180176e-02
3.316402435302734375e-02 3.409035876393318176e-02
3.315494954586029053e-02 3.422623127698898315e-02
3.312960267066955566e-02 3.393999487161636353e-02
3.306324779987335205e-02 3.363320976495742798e-02
3.304945304989814758e-02 3.342628106474876404e-02
3.310552239418029785e-02 3.373842686414718628e-02
3.313664346933364868e-02 3.389706090092658997e-02
3.307077661156654358e-02 3.359723836183547974e-02
3.308525308966636658e-02 3.345916047692298889e-02
3.315664827823638916e-02 3.414404019713401794e-02
3.305787593126296997e-02 3.349058330059051514e-02
3.503061458468437195e-02 4.698587581515312195e-02
3.304274380207061768e-02 3.335384652018547058e-02
3.311622142791748047e-02 3.371042013168334961e-02
3.303994983434677124e-02 3.331983834505081177e-02
3.312122076749801636e-02 3.385046124458312988e-02
3.310908377170562744e-02 3.383537754416465759e-02
3.308679908514022827e-02 3.365872055292129517e-02
3.308802098035812378e-02 3.350422531366348267e-02
3.310529515147209167e-02 3.385722637176513672e-02
3.314589709043502808e-02 3.381326794624328613e-02
3.313044458627700806e-02 3.376820310950279236e-02
3.306512534618377686e-02 3.342074900865554810e-02
3.546774014830589294e-02 4.793249070644378662e-02
3.308122605085372925e-02 3.355887532234191895e-02
3.323346748948097229e-02 3.466674312949180603e-02
3.331637382507324219e-02 3.531670197844505310e-02
3.327155858278274536e-02 3.501309454441070557e-02
3.307252377271652222e-02 3.365164250135421753e-02
3.314906731247901917e-02 3.403085470199584961e-02
3.303822129964828491e-02 3.341081738471984863e-02
3.306121379137039185e-02 3.339783474802970886e-02
3.310293704271316528e-02 3.371508046984672546e-02
3.303469717502593994e-02 3.328556194901466370e-02
3.300878033041954041e-02 3.305717185139656067e-02
3.314208984375000000e-02 3.210372850298881531e-02
3.312705829739570618e-02 3.365145251154899597e-02
3.307943418622016907e-02 3.350331634283065796e-02
3.314241394400596619e-02 3.382501751184463501e-02
3.301662206649780273e-02 3.325435519218444824e-02
3.311264887452125549e-02 3.361754119396209717e-02
3.304773569107055664e-02 3.325579315423965454e-02
3.306164965033531189e-02 3.314536437392234802e-02
3.309685736894607544e-02 3.362684324383735657e-02
3.303388506174087524e-02 3.322155773639678955e-02
3.305967897176742554e-02 3.309355303645133972e-02
3.301736712455749512e-02 3.272568434476852417e-02
3.343862295150756836e-02 3.118001669645309448e-02
3.315049782395362854e-02 3.375128656625747681e-02
3.315537422895431519e-02 3.371371701359748840e-02
3.318952396512031555e-02 3.415131568908691406e-02
3.313088044524192810e-02 3.368125855922698975e-02
3.320182114839553833e-02 3.383193165063858032e-02
3.317796066403388977e-02 3.400064259767532349e-02
3.311384469270706177e-02 3.396679461002349854e-02
3.318989276885986328e-02 3.436516225337982178e-02
3.339117020368576050e-02 3.522254899144172668e-02
3.328559920191764832e-02 3.485812246799468994e-02
3.332149609923362732e-02 3.520340099930763245e-02
3.434136509895324707e-02 4.168648272752761841e-02
3.337418660521507263e-02 3.561474010348320007e-02
3.337684646248817444e-02 3.574132546782493591e-02
3.332885727286338806e-02 3.547869995236396790e-02
3.347656875848770142e-02 3.638738393783569336e-02
3.324729204177856445e-02 3.478915989398956299e-02
3.346218913793563843e-02 3.615245223045349121e-02
3.324533998966217041e-02 3.469267487525939941e-02
3.331182524561882019e-02 3.521973639726638794e-02
3.325826302170753479e-02 3.490750491619110107e-02
3.334673866629600525e-02 3.547323867678642273e-02
3.325930610299110413e-02 3.486890718340873718e-02
3.458720818161964417e-02 4.337109625339508057e-02
3.341898322105407715e-02 3.580145910382270813e-02
3.332245349884033203e-02 3.562494739890098572e-02
3.323162719607353210e-02 3.486206009984016418e-02
3.335091844201087952e-02 3.569341450929641724e-02
3.345612436532974243e-02 3.620817884802818298e-02
3.338206186890602112e-02 3.570843860507011414e-02
3.354954719543457031e-02 3.680181875824928284e-02
3.360478952527046204e-02 3.714940696954727173e-02
3.353391215205192566e-02 3.656082972884178162e-02
3.356201201677322388e-02 3.686851263046264648e-02
3.331072628498077393e-02 3.513282909989356995e-02
3.400906547904014587e-02 4.072258621454238892e-02
3.327358886599540710e-02 3.488792106509208679e-02
3.322428092360496521e-02 3.463806584477424622e-02
3.314251825213432312e-02 3.415891528129577637e-02
3.315529227256774902e-02 3.431051596999168396e-02
3.321656584739685059e-02 3.442136943340301514e-02
3.312607109546661377e-02 3.392720595002174377e-02
3.326151147484779358e-02 3.489473089575767517e-02
3.331346437335014343e-02 3.506429865956306458e-02
3.321929648518562317e-02 3.451655432581901550e-02
3.316272795200347900e-02 3.420659899711608887e-02
3.321418166160583496e-02 3.469147905707359314e-02
3.478555381298065186e-02 4.681200534105300903e-02
3.313201665878295898e-02 3.425084799528121948e-02
3.311290591955184937e-02 3.401210159063339233e-02
3.314540162682533264e-02 3.406878188252449036e-02
3.322849422693252563e-02 3.462869673967361450e-02
3.320368751883506775e-02 3.437877073884010315e-02
3.320141509175300598e-02 3.441710025072097778e-02
3.324376791715621948e-02 3.465458005666732788e-02
3.333090245723724365e-02 3.537584468722343445e-02
3.335570916533470154e-02 3.545534610748291016e-02
3.328697010874748230e-02 3.513715416193008423e-02
3.328325599431991577e-02 3.510557860136032104e-02
3.891749307513237000e-02 7.402584701776504517e-02
3.308884054422378540e-02 3.354581445455551147e-02
3.300574049353599548e-02 3.328574076294898987e-02
3.310590609908103943e-02 3.388795256614685059e-02
3.310105577111244202e-02 3.374985978007316589e-02
3.315914422273635864e-02 3.410850092768669128e-02
3.308615833520889282e-02 3.373367339372634888e-02
3.313472867012023926e-02 3.390124812722206116e-02
3.311443328857421875e-02 3.364232182502746582e-02
3.316679969429969788e-02 3.386862203478813171e-02
3.313165530562400818e-02 3.360573574900627136e-02
3.309967368841171265e-02 3.375256434082984924e-02
3.382361307740211487e-02 3.581180050969123840e-02
3.307842835783958435e-02 3.339664265513420105e-02
3.308020904660224915e-02 3.349373489618301392e-02
3.304214030504226685e-02 3.307265788316726685e-02
3.298621997237205505e-02 3.286786749958992004e-02
3.305947780609130859e-02 3.293589502573013306e-02
3.313341364264488220e-02 3.307900577783584595e-02
3.308109566569328308e-02 3.297087550163269043e-02
3.311623632907867432e-02 3.340682759881019592e-02
3.309287130832672119e-02 3.311547636985778809e-02
3.316868469119071960e-02 3.308408334851264954e-02
3.307547792792320251e-02 3.372885659337043762e-02
3.017067909240722656e-02 1.612975820899009705e-02
3.308337554335594177e-02 3.369994461536407471e-02
3.316098824143409729e-02 3.422231227159500122e-02
3.306473791599273682e-02 3.346278518438339233e-02
3.306487575173377991e-02 3.356731683015823364e-02
3.306156024336814880e-02 3.348889574408531189e-02
3.318855538964271545e-02 3.415364772081375122e-02
3.308512270450592041e-02 3.352435305714607239e-02
3.308015316724777222e-02 3.350321203470230103e-02
3.308324888348579407e-02 3.352561965584754944e-02
3.313588723540306091e-02 3.386908024549484253e-02
3.313118219375610352e-02 3.393612056970596313e-02
3.354282304644584656e-02 3.413432091474533081e-02
3.291479498147964478e-02 3.222201019525527954e-02
3.297356516122817993e-02 3.295374661684036255e-02
3.292442113161087036e-02 3.269153833389282227e-02
3.301060572266578674e-02 3.322808444499969482e-02
3.297824412584304810e-02 3.297546505928039551e-02
3.302102535963058472e-02 3.261552378535270691e-02
3.298342227935791016e-02 3.246422484517097473e-02
3.295023366808891296e-02 3.203548863530158997e-02
3.291626274585723877e-02 3.181173279881477356e-02
3.295525908470153809e-02 3.180741146206855774e-02
3.267084807157516479e-02 2.977938763797283173e-02
3.479165211319923401e-02 4.445659369230270386e-02
3.298791125416755676e-02 3.260540962219238281e-02
3.300851210951805115e-02 3.299978747963905334e-02
3.299459815025329590e-02 3.308814018964767456e-02
3.305457532405853271e-02 3.354647755622863770e-02
3.306361287832260132e-02 3.347701951861381531e-02
3.300366178154945374e-02 3.294233977794647217e-02
3.305122256278991699e-02 3.329966217279434204e-02
3.315495699644088745e-02 3.408685326576232910e-02
3.309553489089012146e-02 3.370716050267219543e-02
3.309360891580581665e-02 3.339708223938941956e-02
3.305853903293609619e-02 3.330951929092407227e-02
3.071649558842182159e-02 1.777730137109756470e-02
3.306891396641731262e-02 3.349750488996505737e-02
3.304428979754447937e-02 3.341564536094665527e-02
3.305859118700027466e-02 3.354429826140403748e-02
3.300210461020469666e-02 3.335832059383392334e-02
3.311219811439514160e-02 3.379298374056816101e-02
3.309311345219612122e-02 3.364270180463790894e-02
3.306822851300239563e-02 3.357990458607673645e-02
3.304954618215560913e-02 3.340636566281318665e-02
3.301850333809852600e-02 3.304475545883178711e-02
3.295603021979331970e-02 3.230676800012588501e-02
3.319124504923820496e-02 3.409206867218017578e-02
3.329364955425262451e-02 3.089885041117668152e-02
3.314266726374626160e-02 3.380777314305305481e-02
3.319074958562850952e-02 3.435098379850387573e-02
3.312699869275093079e-02 3.387936577200889587e-02
3.321228176355361938e-02 3.477936238050460815e-02
3.324959427118301392e-02 3.524267673492431641e-02
3.300297260284423828e-02 3.304562717676162720e-02
3.309856727719306946e-02 3.364885970950126648e-02
3.305714204907417297e-02 3.350342437624931335e-02
3.310000896453857422e-02 3.351352363824844360e-02
3.301986306905746460e-02 3.311317786574363708e-02
3.313333168625831604e-02 3.371470421552658081e-02
3.635252639651298523e-02 5.472515150904655457e-02
3.305329009890556335e-02 3.341224044561386108e-02
3.297103568911552429e-02 3.298263251781463623e-02
3.287922590970993042e-02 3.239982947707176208e-02
3.308785706758499146e-02 3.374069929122924805e-02
3.302468731999397278e-02 3.340710699558258057e-02
3.307317569851875305e-02 3.350462019443511963e-02
3.299369290471076965e-02 3.301807492971420288e-02
3.308216109871864319e-02 3.353890031576156616e-02
3.303116187453269958e-02 3.321113437414169312e-02
3.309730440378189087e-02 3.364036977291107178e-02
3.314906358718872070e-02 3.405537828803062439e-02
3.404418379068374634e-02 3.961504995822906494e-02
3.317231312394142151e-02 3.401971608400344849e-02
3.305669128894805908e-02 3.354340419173240662e-02
3.313137590885162354e-02 3.384711220860481262e-02
3.314586356282234192e-02 3.398987650871276855e-02
3.313703089952468872e-02 3.407465294003486633e-02
3.307317569851875305e-02 3.379808366298675537e-02
3.310636803507804871e-02 3.398164361715316772e-02
3.323585912585258484e-02 3.462365269660949707e-02
3.322568908333778381e-02 3.457922488451004028e-02
3.319299593567848206e-02 3.443482145667076111e-02
3.319715708494186401e-02 3.444207087159156799e-02
3.375769406557083130e-02 3.695617988705635071e-02
3.318788111209869385e-02 3.436839208006858826e-02
3.319545090198516846e-02 3.434504568576812744e-02
3.316666185855865479e-02 3.418052569031715393e-02
3.318168222904205322e-02 3.437411785125732422e-02
3.316972032189369202e-02 3.422784060239791870e-02
3.315714746713638306e-02 3.405175358057022095e-02
3.315585851669311523e-02 3.411484509706497192e-02
3.317625075578689575e-02 3.426469489932060242e-02
3.306804969906806946e-02 3.353694826364517212e-02
3.318367525935173035e-02 3.431774675846099854e-02
3.313877806067466736e-02 3.380001336336135864e-02
3.621526807546615601e-02 5.209955573081970215e-02
3.317829966545104980e-02 3.415246307849884033e-02
3.311491385102272034e-02 3.395883366465568542e-02
3.316163644194602966e-02 3.395311906933784485e-02
3.313760086894035339e-02 3.406415134668350220e-02
3.308967500925064087e-02 3.373515978455543518e-02
3.302749618887901306e-02 3.341019898653030396e-02
3.306804969906806946e-02 3.351407870650291443e-02
3.304032608866691589e-02 3.303761407732963562e-02
3.309763222932815552e-02 3.324944525957107544e-02
3.313283249735832214e-02 3.345415368676185608e-02
3.309585154056549072e-02 3.306313231587409973e-02
3.218282759189605713e-02 2.401012182235717773e-02
3.303873538970947266e-02 3.307897597551345825e-02
3.288428112864494324e-02 3.209778293967247009e-02
3.282723948359489441e-02 3.159625828266143799e-02
3.277919813990592957e-02 3.146023303270339966e-02
3.269195556640625000e-02 3.066417947411537170e-02
3.231904283165931702e-02 2.801887132227420807e-02
3.266201168298721313e-02 3.008524328470230103e-02
3.286214917898178101e-02 3.153446316719055176e-02
3.280955553054809570e-02 3.113635629415512085e-02
3.272424638271331787e-02 3.046014718711376190e-02
3.304484486579895020e-02 3.261096030473709106e-02
3.338761627674102783e-02 3.186541795730590820e-02
3.310603648424148560e-02 3.341541066765785217e-02
3.297149017453193665e-02 3.262895718216896057e-02
3.305385634303092957e-02 3.319550678133964539e-02
3.283361718058586121e-02 3.152249753475189209e-02
3.294374793767929077e-02 3.223536536097526550e-02
3.266085311770439148e-02 2.903060615062713623e-02
3.270440921187400818e-02 2.872706949710845947e-02
3.266547620296478271e-02 2.946424484252929688e-02
3.297270089387893677e-02 3.173942863941192627e-02
3.357206657528877258e-02 3.617767244577407837e-02
3.323690593242645264e-02 3.448579460382461548e-02
3.556923568248748779e-02 5.120995268225669861e-02
3.320452198386192322e-02 3.445533663034439087e-02
3.324004635214805603e-02 3.450606018304824829e-02
3.322280570864677429e-02 3.418077901005744934e-02
3.315332904458045959e-02 3.410822153091430664e-02
3.314290568232536316e-02 3.410234302282333374e-02
3.310680016875267029e-02 3.379866480827331543e-02
3.307090699672698975e-02 3.343332558870315552e-02
3.305308893322944641e-02 3.343766182661056519e-02
3.306063264608383179e-02 3.343118354678153992e-02
3.304221108555793762e-02 3.329993411898612976e-02
3.303475305438041687e-02 3.302989900112152100e-02
3.225165605545043945e-02 2.756704948842525482e-02
3.299660608172416687e-02 3.311264142394065857e-02
3.312192112207412720e-02 3.396261855959892273e-02
3.306278213858604431e-02 3.345888480544090271e-02
3.314491361379623413e-02 3.404553607106208801e-02
3.313572332262992859e-02 3.395115956664085388e-02
3.312099352478981018e-02 3.399479016661643982e-02
3.315299004316329956e-02 3.431775793433189392e-02
3.310154750943183899e-02 3.382412716746330261e-02
3.319236636161804199e-02 3.425483778119087219e-02
3.314701467752456665e-02 3.415530174970626831e-02
3.314543887972831726e-02 3.412141278386116028e-02
3.747005388140678406e-02 6.494788825511932373e-02
3.313477709889411926e-02 3.398410975933074951e-02
3.320378810167312622e-02 3.450980782508850098e-02
3.319017216563224792e-02 3.443722054362297058e-02
3.322283551096916199e-02 3.470211103558540344e-02
3.322507813572883606e-02 3.459456190466880798e-02
3.326862305402755737e-02 3.495395183563232422e-02
3.319438546895980835e-02 3.449189290404319763e-02
3.317923471331596375e-02 3.448687493801116943e-02
3.335147351026535034e-02 3.554215282201766968e-02
3.331646695733070374e-02 3.528827801346778870e-02
3.318274021148681641e-02 3.446437790989875793e-02
3.453362360596656799e-02 4.514823481440544128e-02
3.323209658265113831e-02 3.456253185868263245e-02
3.324268758296966553e-02 3.471065312623977661e-02
3.326052054762840271e-02 3.485372662544250488e-02
3.314074501395225525e-02 3.387872874736785889e-02
3.310763463377952576e-02 3.375709056854248047e-02
3.307470306754112244e-02 3.361686319112777710e-02
3.306894376873970032e-02 3.362019732594490051e-02
3.307737410068511963e-02 3.365530818700790405e-02
3.310554474592208862e-02 3.383675217628479004e-02
3.312371671199798584e-02 3.393656387925148010e-02
3.309362754225730896e-02 3.368111699819564819e-02
3.471230342984199524e-02 4.359007999300956726e-02
3.314419835805892944e-02 3.403418511152267456e-02
3.315996378660202026e-02 3.393089771270751953e-02
3.314204514026641846e-02 3.390279412269592285e-02
3.310849517583847046e-02 3.382524102926254272e-02
3.311813995242118835e-02 3.380985185503959656e-02
3.310370817780494690e-02 3.390790149569511414e-02
3.304680436849594116e-02 3.345164284110069275e-02
3.316458687186241150e-02 3.437200188636779785e-02
3.313291817903518677e-02 3.399273380637168884e-02
3.313712403178215027e-02 3.409665450453758240e-02
3.315861895680427551e-02 3.405582904815673828e-02
3.792089223861694336e-02 6.745068728923797607e-02
3.314740583300590515e-02 3.408223018050193787e-02
3.322899714112281799e-02 3.461145237088203430e-02
3.313590213656425476e-02 3.403392061591148376e-02
3.315447643399238586e-02 3.409384936094284058e-02
3.315755724906921387e-02 3.412874415516853333e-02
3.315251320600509644e-02 3.416832536458969116e-02
3.313411027193069458e-02 3.417884185910224915e-02
3.310183808207511902e-02 3.386878222227096558e-02
3.325245901942253113e-02 3.473692759871482849e-02
3.312204778194427490e-02 3.421735391020774841e-02
3.320070356130599976e-02 3.446220234036445618e-02
3.591796010732650757e-02 5.372938513755798340e-02
3.324165567755699158e-02 3.480728343129158020e-02
3.314820304512977600e-02 3.411095589399337769e-02
3.302095830440521240e-02 3.337798267602920532e-02
3.308077156543731689e-02 3.366978839039802551e-02
3.306216001510620117e-02 3.370523452758789062e-02
3.305166959762573242e-02 3.346125036478042603e-02
3.304621204733848572e-02 3.345334902405738831e-02
3.312921896576881409e-02 3.402679413557052612e-02
3.308721631765365601e-02 3.359936177730560303e-02
3.316215425729751587e-02 3.397683799266815186e-02
3.311508893966674805e-02 3.386143594980239868e-02
3.259791433811187744e-02 2.978336811065673828e-02
3.321052342653274536e-02 3.452590107917785645e-02
3.311278298497200012e-02 3.366104140877723694e-02
3.314230218529701233e-02 3.385647013783454895e-02
3.308431431651115417e-02 3.344644233584403992e-02
3.314918652176856995e-02 3.389427810907363892e-02
3.310196474194526672e-02 3.371474519371986389e-02
3.314292803406715393e-02 3.396636247634887695e-02
3.310587257146835327e-02 3.367903083562850952e-02
3.309047594666481018e-02 3.374696895480155945e-02
3.304772824048995972e-02 3.347781300544738770e-02
3.306699171662330627e-02 3.360178321599960327e-02
3.420887887477874756e-02 4.217209666967391968e-02
3.309594839811325073e-02 3.358110040426254272e-02
3.305169194936752319e-02 3.341959044337272644e-02
3.308706730604171753e-02 3.364739194512367249e-02
3.303232043981552124e-02 3.350028768181800842e-02
3.319868445396423340e-02 3.425428271293640137e-02
3.312575817108154297e-02 3.387719392776489258e-02
3.316728398203849792e-02 3.416147083044052124e-02
3.319190815091133118e-02 3.458436578512191772e-02
3.298873454332351685e-02 3.339510783553123474e-02
3.308174759149551392e-02 3.391339257359504700e-02
3.308138251304626465e-02 3.373476490378379822e-02
3.322987630963325500e-02 3.406908735632896423e-02
3.310445323586463928e-02 3.362702205777168274e-02
3.316357731819152832e-02 3.398715704679489136e-02
3.311854228377342224e-02 3.375528752803802490e-02
3.313845396041870117e-02 3.394546732306480408e-02
3.313647583127021790e-02 3.386537358164787292e-02
3.326295688748359680e-02 3.472783043980598450e-02
3.307979181408882141e-02 3.369470685720443726e-02
3.317572176456451416e-02 3.439979627728462219e-02
3.303971514105796814e-02 3.349280729889869690e-02
3.295755013823509216e-02 3.280087560415267944e-02
3.290689736604690552e-02 3.255302086472511292e-02
3.231150284409523010e-02 2.847369760274887085e-02
3.292316943407058716e-02 3.263618424534797668e-02
3.283011168241500854e-02 3.216132894158363342e-02
3.278521075844764709e-02 3.205654770135879517e-02
3.274445235729217529e-02 3.155890107154846191e-02
3.283747658133506775e-02 3.200421482324600220e-02
3.294517472386360168e-02 3.260416537523269653e-02
3.298169746994972229e-02 3.266189992427825928e-02
3.297644481062889099e-02 3.269971534609794617e-02
3.289012610912322998e-02 3.237841278314590454e-02
3.279886022210121155e-02 3.170645236968994141e-02
3.272694349288940430e-02 3.136092424392700195e-02
3.156727924942970276e-02 2.242879755795001984e-02
3.265617042779922485e-02 3.069131821393966675e-02
3.262849524617195129e-02 3.040577098727226257e-02
3.256747871637344360e-02 2.974435687065124512e-02
3.269350156188011169e-02 3.091338090598583221e-02
3.259539604187011719e-02 3.013846650719642639e-02
3.288012370467185974e-02 3.216108679771423340e-02
3.273174911737442017e-02 3.154129162430763245e-02
3.256621584296226501e-02 3.039153665304183960e-02
3.276993334293365479e-02 3.156590089201927185e-02
3.284138813614845276e-02 3.183516487479209900e-02
3.282443434000015259e-02 3.191052377223968506e-02
3.226289153099060059e-02 2.740566805005073547e-02
3.287087380886077881e-02 3.224561363458633423e-02
3.292716667056083679e-02 3.277436271309852600e-02
3.282042592763900757e-02 3.197873383760452271e-02
3.290284052491188049e-02 3.250902146100997925e-02
3.285273537039756775e-02 3.214540705084800720e-02
3.288177028298377991e-02 3.230230882763862610e-02
3.289097547531127930e-02 3.215831890702247620e-02
3.284823521971702576e-02 3.202414885163307190e-02
3.286884725093841553e-02 3.197327628731727600e-02
3.285948559641838074e-02 3.183624148368835449e-02
3.276372700929641724e-02 3.122857585549354553e-02
3.183368965983390808e-02 2.387632802128791809e-02
3.265597298741340637e-02 3.039330616593360901e-02
3.272562474012374878e-02 3.083186224102973938e-02
3.283204883337020874e-02 3.204739838838577271e-02
3.295255079865455627e-02 3.278786316514015198e-02
3.288676962256431580e-02 3.218157216906547546e-02
3.286959603428840637e-02 3.225304931402206421e-02
3.281855583190917969e-02 3.195463120937347412e-02
3.298271447420120239e-02 3.304974734783172607e-02
3.290491178631782532e-02 3.253654390573501587e-02
3.303182125091552734e-02 3.308854624629020691e-02
3.297746181488037109e-02 3.308894485235214233e-02
3.165274485945701599e-02 2.381606400012969971e-02
3.289401903748512268e-02 3.245972096920013428e-02
3.302580118179321289e-02 3.322229906916618347e-02
3.299963846802711487e-02 3.306925296783447266e-02
3.292462229728698730e-02 3.258262574672698975e-02
3.294936567544937134e-02 3.282066434621810913e-02
3.293995931744575500e-02 3.299486637115478516e-02
3.300479426980018616e-02 3.313785046339035034e-02
3.293928503990173340e-02 3.263558447360992432e-02
3.302984684705734253e-02 3.313449397683143616e-02
3.304668143391609192e-02 3.309570252895355225e-02
3.305106982588768005e-02 3.287689387798309326e-02
3.150086104869842529e-02 2.190506830811500549e-02
3.299181163311004639e-02 3.306941315531730652e-02
3.297353163361549377e-02 3.297211974859237671e-02
3.285179287195205688e-02 3.234156221151351929e-02
3.286153078079223633e-02 3.258896246552467346e-02
3.287763893604278564e-02 3.242819011211395264e-02
3.285174816846847534e-02 3.223961219191551208e-02
3.291958197951316833e-02 3.251630067825317383e-02
3.291106969118118286e-02 3.239039704203605652e-02
3.293693810701370239e-02 3.260155022144317627e-02
3.296377509832382202e-02 3.249235823750495911e-02
3.301840648055076599e-02 3.263425827026367188e-02
3.241250663995742798e-02 2.687619999051094055e-02
3.303762525320053101e-02 3.304359316825866699e-02
3.299469873309135437e-02 3.257773071527481079e-02
3.296341001987457275e-02 3.219201788306236267e-02
3.301183134317398071e-02 3.277453035116195679e-02
3.296503052115440369e-02 3.266573697328567505e-02
3.279782831668853760e-02 3.183947876095771790e-02
3.294301778078079224e-02 3.274631872773170471e-02
3.274228796362876892e-02 3.152451291680335999e-02
3.290000185370445251e-02 3.262225911021232605e-02
3.290806338191032410e-02 3.271797671914100647e-02
3.287741541862487793e-02 3.218780457973480225e-02
3.219382837414741516e-02 2.545784786343574524e-02
3.289666399359703064e-02 3.191189095377922058e-02
3.290378674864768982e-02 3.216648474335670471e-02
3.296172246336936951e-02 3.235020488500595093e-02
3.276782855391502380e-02 3.113385289907455444e-02
3.268818184733390808e-02 3.056941553950309753e-02
3.269303217530250549e-02 3.002915345132350922e-02
3.267509490251541138e-02 2.949599176645278931e-02
3.287788107991218567e-02 2.957601845264434814e-02
3.194555267691612244e-02 2.203801274299621582e-02
3.228867426514625549e-02 2.537041716277599335e-02
3.208943083882331848e-02 2.384359575808048248e-02
3.238405287265777588e-02 2.399194799363613129e-02
3.199689462780952454e-02 2.272765710949897766e-02
3.187451511621475220e-02 2.249934710562229156e-02
3.208442404866218567e-02 2.374300919473171234e-02
3.200971707701683044e-02 2.309330552816390991e-02
3.155907988548278809e-02 1.975226588547229767e-02
3.283436596393585205e-02 3.092342428863048553e-02
3.292620554566383362e-02 3.230747953057289124e-02
3.299649432301521301e-02 3.273886814713478088e-02
3.290091082453727722e-02 3.226528316736221313e-02
3.292223438620567322e-02 3.253436088562011719e-02
3.305295109748840332e-02 3.372805193066596985e-02
3.227652609348297119e-02 2.753988653421401978e-02
3.309392184019088745e-02 3.371039405465126038e-02
3.310178592801094055e-02 3.370993956923484802e-02
3.312925994396209717e-02 3.371682018041610718e-02
3.319757059216499329e-02 3.435918688774108887e-02
3.309920430183410645e-02 3.369351848959922791e-02
3.303729370236396790e-02 3.345059230923652649e-02
3.315369412302970886e-02 3.440739586949348450e-02
3.310629725456237793e-02 3.395560011267662048e-02
3.302274271845817566e-02 3.323755040764808655e-02
3.307190537452697754e-02 3.353581205010414124e-02
3.310986235737800598e-02 3.375730663537979126e-02
3.387763723731040955e-02 3.856639191508293152e-02
3.305292129516601562e-02 3.345172107219696045e-02
3.308798745274543762e-02 3.380360454320907593e-02
3.303361684083938599e-02 3.318727016448974609e-02
3.297387808561325073e-02 3.279977291822433472e-02
3.305473551154136658e-02 3.358979523181915283e-02
3.317112103104591370e-02 3.422680497169494629e-02
3.308773040771484375e-02 3.344134241342544556e-02
3.305615112185478210e-02 3.323480859398841858e-02
3.306400030851364136e-02 3.333186358213424683e-02
3.301852568984031677e-02 3.290157392621040344e-02
3.310410678386688232e-02 3.362640365958213806e-02
3.243090584874153137e-02 2.705242857336997986e-02
3.302830830216407776e-02 3.319333866238594055e-02
3.309957683086395264e-02 3.383104503154754639e-02
3.302009031176567078e-02 3.322960063815116882e-02
3.308556601405143738e-02 3.364040702581405640e-02
3.301756456494331360e-02 3.321016207337379456e-02
3.296472877264022827e-02 3.271812945604324341e-02
3.291168808937072754e-02 3.200119733810424805e-02
3.299671784043312073e-02 3.268812596797943115e-02
3.301627188920974731e-02 3.296177834272384644e-02
3.303583711385726929e-02 3.315522521734237671e-02
3.296687081456184387e-02 3.236562013626098633e-02
3.169723972678184509e-02 2.197191864252090454e-02
3.281875327229499817e-02 3.098414093255996704e-02
3.278446942567825317e-02 3.151293843984603882e-02
3.274115175008773804e-02 3.024203330278396606e-02
3.285703435540199280e-02 3.120597265660762787e-02
3.299123048782348633e-02 3.268159925937652588e-02
3.277100622653961182e-02 3.041008114814758301e-02
3.279965370893478394e-02 3.136440366506576538e-02
3.314545750617980957e-02 3.356301039457321167e-02
3.293713554739952087e-02 3.277014195919036865e-02
3.304818272590637207e-02 3.326915949583053589e-02
3.296251222491264343e-02 3.280778229236602783e-02
3.335916996002197266e-02 3.495951741933822632e-02
3.303562849760055542e-02 3.331087529659271240e-02
3.306377306580543518e-02 3.340649977326393127e-02
3.306958079338073730e-02 3.347144275903701782e-02
3.297049179673194885e-02 3.279926627874374390e-02
3.291190415620803833e-02 3.259231150150299072e-02
3.306604921817779541e-02 3.355916962027549744e-02
3.301184996962547302e-02 3.330765664577484131e-02
3.311586752533912659e-02 3.372282534837722778e-02
3.306898102164268494e-02 3.319677710533142090e-02
3.307311609387397766e-02 3.338338062167167664e-02
3.305414691567420959e-02 3.335723653435707092e-02
3.275655955076217651e-02 3.007791005074977875e-02
3.302987292408943176e-02 3.318794816732406616e-02
3.297752141952514648e-02 3.304319828748703003e-02
3.292998671531677246e-02 3.272537514567375183e-02
3.286603093147277832e-02 3.231033682823181152e-02
3.299117088317871094e-02 3.298273310065269470e-02
3.293790668249130249e-02 3.249980881810188293e-02
3.288101404905319214e-02 3.211319446563720703e-02
3.292502835392951965e-02 3.241715952754020691e-02
3.289857879281044006e-02 3.203772008419036865e-02
3.288786113262176514e-02 3.199037164449691772e-02
3.289997205138206482e-02 3.215329349040985107e-02
3.540100529789924622e-02 4.827491194009780884e-02
3.287733346223831177e-02 3.197658807039260864e-02
3.281232714653015137e-02 3.164561837911605835e-02
3.280600160360336304e-02 3.134388476610183716e-02
3.287773579359054565e-02 3.169495239853858948e-02
3.296903893351554871e-02 3.274959325790405273e-02
3.299149125814437866e-02 3.303598240017890930e-02
3.295776620507240295e-02 3.269354254007339478e-02
3.299212083220481873e-02 3.288659825921058655e-02
3.299470618367195129e-02 3.299289569258689880e-02
3.296962380409240723e-02 3.275079280138015747e-02
3.303598985075950623e-02 3.319457918405532837e-02
3.198648616671562195e-02 2.547787502408027649e-02
3.301236778497695923e-02 3.319821134209632874e-02
3.308214247226715088e-02 3.363576903939247131e-02
3.302033245563507080e-02 3.317935764789581299e-02
3.305880352854728699e-02 3.358911350369453430e-02
3.299372643232345581e-02 3.319742903113365173e-02
3.305334970355033875e-02 3.336460888385772705e-02
3.301610052585601807e-02 3.328834101557731628e-02
3.296558558940887451e-02 3.267310932278633118e-02
3.313272818922996521e-02 3.392783179879188538e-02
3.316560760140419006e-02 3.412217274308204651e-02
3.303670510649681091e-02 3.320599347352981567e-02
3.268522024154663086e-02 3.011632338166236877e-02
3.297210484743118286e-02 3.290662541985511780e-02
3.293100371956825256e-02 3.278326615691184998e-02
3.292285650968551636e-02 3.246796876192092896e-02
3.289487585425376892e-02 3.258660063147544861e-02
3.290269523859024048e-02 3.247025981545448303e-02
3.281228244304656982e-02 3.182044625282287598e-02
3.289376199245452881e-02 3.233576938509941101e-02
3.293687850236892700e-02 3.251346945762634277e-02
3.294586762785911560e-02 3.246558457612991333e-02
3.296195715665817261e-02 3.251647949218750000e-02
3.302292898297309875e-02 3.290206193923950195e-02
3.216069564223289490e-02 2.708156406879425049e-02
3.300677612423896790e-02 3.300647810101509094e-02
3.294245898723602295e-02 3.255287930369377136e-02
3.298449888825416565e-02 3.274897858500480652e-02
3.297282382845878601e-02 3.258446231484413147e-02
3.297300636768341064e-02 3.255522251129150391e-02
3.291811794042587280e-02 3.243849426507949829e-02
3.287148475646972656e-02 3.217859938740730286e-02
3.301183134317398071e-02 3.298264369368553162e-02
3.296575695276260376e-02 3.275245428085327148e-02
3.297797217965126038e-02 3.284322842955589294e-02
3.291991725564002991e-02 3.255964443087577820e-02
3.213214501738548279e-02 2.705495245754718781e-02
3.297230228781700134e-02 3.284430503845214844e-02
3.290706500411033630e-02 3.255499526858329773e-02
3.283247351646423340e-02 3.214344754815101624e-02
3.293735161423683167e-02 3.270468115806579590e-02
3.303540125489234924e-02 3.340050578117370605e-02
3.302813321352005005e-02 3.316289931535720825e-02
3.306053951382637024e-02 3.334886208176612854e-02
3.307883441448211670e-02 3.346251323819160461e-02
3.306792303919792175e-02 3.322795405983924866e-02
3.301431611180305481e-02 3.280553966760635376e-02
3.302406147122383118e-02 3.290279954671859741e-02
nan nan
