3.431026637554168701e-02 4.047109931707382202e-02
3.470180556178092957e-02 4.376165941357612610e-02
3.452551737427711487e-02 4.141687229275703430e-02
3.437237814068794250e-02 4.160564392805099487e-02
3.480263054370880127e-02 4.490414634346961975e-02
3.430477902293205261e-02 4.074341058731079102e-02
3.391174599528312683e-02 4.033283144235610962e-02
3.377302736043930054e-02 3.867077827453613281e-02
3.391090035438537598e-02 3.887592256069183350e-02
3.391282632946968079e-02 3.874159604310989380e-02
3.400322049856185913e-02 3.936214745044708252e-02
3.542291373014450073e-02 4.688218235969543457e-02
3.472361341118812561e-02 4.219622910022735596e-02
3.365792334079742432e-02 4.002905637025833130e-02
3.403802588582038879e-02 3.896690160036087036e-02
3.437754884362220764e-02 4.156315699219703674e-02
3.367255255579948425e-02 3.817162290215492249e-02
3.406421467661857605e-02 3.965947404503822327e-02
3.380757942795753479e-02 3.871801868081092834e-02
3.360194712877273560e-02 3.655771538615226746e-02
3.408549353480339050e-02 3.966605663299560547e-02
3.426908329129219055e-02 3.886415064334869385e-02
3.347895294427871704e-02 3.711756691336631775e-02
3.444185853004455566e-02 4.169372841715812683e-02
3.413723781704902649e-02 3.936358913779258728e-02
3.399648144841194153e-02 4.018904641270637512e-02
3.443736210465431213e-02 4.133016243577003479e-02
3.401455283164978027e-02 4.079791903495788574e-02
3.425351157784461975e-02 4.065967723727226257e-02
3.460992127656936646e-02 4.259250313043594360e-02
3.432369604706764221e-02 4.177368432283401489e-02
3.430351614952087402e-02 4.106114432215690613e-02
3.395675867795944214e-02 3.994433581829071045e-02
3.451563045382499695e-02 4.260334372520446777e-02
3.378352522850036621e-02 3.786811605095863342e-02
3.442387655377388000e-02 3.703526780009269714e-02
3.207276016473770142e-02 2.667199820280075073e-02
2.725577354431152344e-02 1.883540302515029907e-02
3.416243195533752441e-02 3.671427816152572632e-02
3.828278556466102600e-02 8.156407624483108521e-02
3.481607884168624878e-02 4.492283612489700317e-02
3.346534073352813721e-02 3.526112064719200134e-02
3.313970938324928284e-02 3.421134129166603088e-02
3.368924558162689209e-02 3.648615628480911255e-02
3.424064442515373230e-02 4.033249244093894958e-02
3.308900818228721619e-02 3.304150700569152832e-02
3.454396501183509827e-02 4.076179489493370056e-02
3.344661369919776917e-02 3.690534457564353943e-02
3.350675851106643677e-02 3.565132245421409607e-02
3.398272022604942322e-02 3.784976154565811157e-02
3.319958969950675964e-02 3.391451016068458557e-02
3.323359414935112000e-02 3.358500450849533081e-02
3.303482010960578918e-02 3.363430872559547424e-02
3.309589624404907227e-02 3.223160654306411743e-02
3.606070950627326965e-02 4.103369638323783875e-02
3.101930767297744751e-02 2.385046333074569702e-02
3.907043486833572388e-02 7.474462687969207764e-02
3.219637647271156311e-02 2.783060446381568909e-02
3.219069167971611023e-02 2.981846965849399567e-02
3.253407031297683716e-02 3.135141357779502869e-02
3.259674087166786194e-02 3.016371093690395355e-02
3.342866152524948120e-02 3.455154597759246826e-02
3.351745754480361938e-02 3.361042216420173645e-02
3.360684216022491455e-02 3.463490307331085205e-02
3.340283036231994629e-02 3.333258628845214844e-02
3.325803577899932861e-02 3.325324133038520813e-02
3.316645324230194092e-02 3.322269394993782043e-02
3.293816000223159790e-02 3.121523186564445496e-02
3.271918371319770813e-02 2.970249019563198090e-02
3.339331224560737610e-02 3.341852128505706787e-02
3.301052004098892212e-02 3.108403831720352173e-02
3.449289128184318542e-02 3.958281129598617554e-02
3.330895677208900452e-02 3.333061933517456055e-02
3.359061107039451599e-02 3.513867408037185669e-02
3.340834006667137146e-02 3.418627753853797913e-02
3.295503929257392883e-02 3.212757781147956848e-02
3.336868062615394592e-02 3.363842889666557312e-02
3.291406482458114624e-02 3.151630237698554993e-02
3.315581753849983215e-02 3.310641273856163025e-02
3.307205811142921448e-02 3.300666809082031250e-02
3.312334790825843811e-02 3.345419093966484070e-02
3.262329101562500000e-02 3.022222407162189484e-02
3.246337175369262695e-02 2.920962683856487274e-02
3.333786875009536743e-02 3.503383696079254150e-02
3.185880556702613831e-02 2.656300552189350128e-02
3.243101388216018677e-02 2.876244485378265381e-02
3.271250054240226746e-02 3.141828998923301697e-02
3.182879090309143066e-02 2.738528884947299957e-02
3.321353346109390259e-02 3.434046357870101929e-02
3.167685866355895996e-02 2.450427412986755371e-02
3.338634595274925232e-02 3.512067720293998718e-02
3.284541890025138855e-02 3.170293197035789490e-02
3.329940885305404663e-02 3.579183295369148254e-02
3.289065137505531311e-02 3.213956579566001892e-02
3.174960613250732422e-02 2.426475100219249725e-02
3.260868042707443237e-02 3.122258000075817108e-02
3.232762217521667480e-02 2.868195995688438416e-02
3.237184137105941772e-02 2.872540242969989777e-02
3.220484405755996704e-02 2.714298106729984283e-02
3.178267925977706909e-02 2.428907155990600586e-02
3.222031518816947937e-02 2.714672870934009552e-02
3.145682439208030701e-02 2.263449691236019135e-02
3.187154233455657959e-02 2.472848445177078247e-02
3.191203996539115906e-02 2.488425374031066895e-02
3.177640959620475769e-02 2.377162128686904907e-02
3.180976957082748413e-02 2.412766590714454651e-02
3.063257597386837006e-02 1.740997470915317535e-02
3.298575803637504578e-02 3.375872597098350525e-02
3.158282116055488586e-02 2.403469569981098175e-02
3.077761828899383545e-02 1.909120380878448486e-02
3.141961619257926941e-02 2.221509441733360291e-02
3.343480080366134644e-02 3.742103651165962219e-02
3.338195756077766418e-02 3.746440634131431580e-02
3.437112644314765930e-02 4.426742345094680786e-02
3.271198272705078125e-02 3.062673099339008331e-02
3.268699720501899719e-02 3.021030500531196594e-02
3.279735520482063293e-02 3.104836679995059967e-02
3.292477130889892578e-02 3.112337924540042877e-02
3.272663801908493042e-02 3.021752834320068359e-02
3.222009912133216858e-02 2.758410014212131500e-02
3.203151375055313110e-02 2.579667046666145325e-02
3.175509348511695862e-02 2.499969303607940674e-02
3.209132701158523560e-02 2.738759480416774750e-02
3.249632939696311951e-02 2.926827967166900635e-02
3.214878216385841370e-02 2.726533822715282440e-02
3.302443027496337891e-02 3.274129703640937805e-02
3.291560336947441101e-02 3.136658668518066406e-02
3.310497105121612549e-02 3.241730853915214539e-02
3.304615244269371033e-02 3.172738850116729736e-02
3.288714587688446045e-02 3.031298890709877014e-02
3.280663862824440002e-02 3.032124973833560944e-02
3.220250457525253296e-02 2.808648161590099335e-02
3.297347947955131531e-02 3.319025412201881409e-02
3.257229551672935486e-02 2.907333150506019592e-02
3.223865106701850891e-02 2.793826535344123840e-02
3.294789791107177734e-02 3.224588185548782349e-02
3.320373967289924622e-02 3.357404097914695740e-02
3.447244688868522644e-02 4.517282545566558838e-02
3.380769491195678711e-02 4.006944224238395691e-02
3.261622413992881775e-02 2.832066267728805542e-02
3.170527890324592590e-02 2.482804469764232635e-02
3.294451907277107239e-02 3.039185144007205963e-02
3.248954564332962036e-02 2.988701313734054565e-02
3.245596215128898621e-02 2.936674468219280243e-02
3.189903497695922852e-02 2.441728860139846802e-02
3.186121582984924316e-02 2.484753355383872986e-02
3.224252536892890930e-02 2.734588459134101868e-02
3.216524422168731689e-02 2.752694487571716309e-02
3.255270421504974365e-02 2.902995795011520386e-02
3.377525135874748230e-02 3.593514859676361084e-02
3.221439197659492493e-02 2.716271206736564636e-02
3.274587169289588928e-02 2.944115549325942993e-02
3.243726119399070740e-02 2.727121114730834961e-02
3.186615929007530212e-02 2.511453628540039062e-02
3.145257011055946350e-02 2.276465669274330139e-02
3.310657292604446411e-02 3.351280838251113892e-02
3.160269185900688171e-02 2.407507970929145813e-02
3.261300176382064819e-02 2.791604772210121155e-02
3.253281489014625549e-02 2.795516327023506165e-02
3.269432112574577332e-02 2.981103397905826569e-02
3.295359387993812561e-02 3.059267997741699219e-02
3.242372348904609680e-02 2.729494497179985046e-02
3.216675668954849243e-02 2.523883432149887085e-02
3.326393291354179382e-02 3.359898179769515991e-02
3.226687014102935791e-02 2.807898446917533875e-02
3.274862840771675110e-02 2.862012572586536407e-02
3.280200436711311340e-02 2.848368138074874878e-02
3.234356641769409180e-02 2.691098302602767944e-02
3.207232430577278137e-02 2.469183132052421570e-02
3.291530907154083252e-02 2.888851985335350037e-02
3.152308613061904907e-02 2.318285778164863586e-02
3.266274929046630859e-02 2.826603129506111145e-02
3.190818801522254944e-02 2.394503727555274963e-02
3.089942410588264465e-02 1.984650269150733948e-02
3.238179162144660950e-02 2.641893178224563599e-02
3.180232644081115723e-02 2.378201857209205627e-02
3.230155631899833679e-02 2.729743719100952148e-02
3.289576247334480286e-02 3.135446831583976746e-02
3.195266053080558777e-02 2.587825991213321686e-02
3.279441967606544495e-02 3.301913291215896606e-02
3.320150822401046753e-02 3.442640602588653564e-02
3.281524404883384705e-02 3.202364221215248108e-02
3.287151083350181580e-02 3.162731602787971497e-02
3.323019295930862427e-02 3.545768186450004578e-02
3.342751786112785339e-02 3.542213886976242065e-02
3.295955434441566467e-02 3.289405629038810730e-02
3.322891891002655029e-02 3.388553857803344727e-02
3.262753412127494812e-02 2.977145276963710785e-02
3.303379565477371216e-02 3.335860371589660645e-02
3.297387808561325073e-02 3.166337311267852783e-02
3.296732902526855469e-02 3.327883780002593994e-02
3.298434987664222717e-02 3.261622041463851929e-02
3.209635987877845764e-02 2.812291868031024933e-02
3.253865242004394531e-02 2.991674281656742096e-02
3.226668760180473328e-02 2.926149591803550720e-02
3.256364166736602783e-02 3.083862736821174622e-02
3.272806853055953979e-02 3.085765056312084198e-02
3.184497356414794922e-02 2.627498097717761993e-02
3.193838521838188171e-02 2.611404284834861755e-02
3.120292723178863525e-02 2.137722074985504150e-02
3.143770247697830200e-02 2.300246618688106537e-02
3.235621750354766846e-02 2.877001836895942688e-02
3.139635547995567322e-02 2.241411991417407990e-02
3.199671953916549683e-02 2.532006427645683289e-02
3.136781975626945496e-02 2.313778921961784363e-02
3.254140168428421021e-02 2.972804754972457886e-02
3.229152783751487732e-02 2.830217964947223663e-02
3.181932121515274048e-02 2.547773532569408417e-02
3.271906822919845581e-02 3.252422437071800232e-02
3.241968154907226562e-02 3.086330369114875793e-02
3.275622427463531494e-02 3.390733525156974792e-02
3.392240405082702637e-02 4.136408120393753052e-02
3.380055353045463562e-02 4.231881350278854370e-02
3.352885320782661438e-02 3.622071444988250732e-02
3.357237577438354492e-02 3.846852108836174011e-02
3.345707058906555176e-02 3.906435519456863403e-02
3.308647871017456055e-02 3.827181831002235413e-02
3.237055614590644836e-02 3.006423264741897583e-02
3.269162774085998535e-02 3.212875127792358398e-02
3.113144822418689728e-02 2.147319540381431580e-02
3.210568055510520935e-02 2.857688441872596741e-02
3.304100036621093750e-02 3.519537299871444702e-02
3.304291144013404846e-02 3.279800713062286377e-02
3.223253414034843445e-02 2.965752780437469482e-02
3.231892362236976624e-02 2.883365564048290253e-02
3.202357515692710876e-02 2.631238847970962524e-02
3.205611184239387512e-02 2.748163416981697083e-02
3.228884935379028320e-02 2.873193100094795227e-02
3.183817490935325623e-02 2.512786164879798889e-02
3.273862600326538086e-02 3.187288343906402588e-02
3.291850909590721130e-02 3.258815035223960876e-02
3.331390768289566040e-02 3.510472550988197327e-02
3.334061056375503540e-02 3.515554964542388916e-02
3.307191282510757446e-02 3.367649391293525696e-02
3.298690542578697205e-02 3.345976397395133972e-02
3.309138491749763489e-02 3.417645394802093506e-02
3.339006751775741577e-02 3.626518324017524719e-02
3.336467221379280090e-02 3.577270358800888062e-02
3.346876427531242371e-02 3.637308999896049500e-02
3.291781246662139893e-02 3.446992859244346619e-02
3.305534273386001587e-02 3.354192525148391724e-02
3.334748744964599609e-02 3.541059419512748718e-02
3.339495882391929626e-02 3.532173857092857361e-02
3.290893882513046265e-02 3.415628522634506226e-02
3.308437019586563110e-02 3.397722169756889343e-02
3.333727642893791199e-02 3.560395166277885437e-02
3.314734995365142822e-02 3.476976603269577026e-02
3.338975459337234497e-02 3.571520745754241943e-02
3.319441899657249451e-02 3.451082482933998108e-02
3.355602174997329712e-02 3.610707074403762817e-02
3.319196403026580811e-02 3.447571396827697754e-02
3.239315003156661987e-02 3.156226128339767456e-02
3.345631808042526245e-02 3.581463173031806946e-02
3.311085700988769531e-02 3.438362106680870056e-02
3.338085114955902100e-02 3.501973673701286316e-02
3.322192654013633728e-02 3.463662788271903992e-02
3.332711011171340942e-02 3.526711091399192810e-02
3.312515094876289368e-02 3.437875211238861084e-02
3.343309089541435242e-02 3.570610657334327698e-02
3.305486589670181274e-02 3.425014391541481018e-02
3.337083011865615845e-02 3.558925539255142212e-02
3.313522785902023315e-02 3.438368812203407288e-02
3.333132341504096985e-02 3.546550124883651733e-02
3.275679424405097961e-02 3.380363807082176208e-02
3.357227891683578491e-02 3.642243519425392151e-02
3.337852284312248230e-02 3.582705929875373840e-02
3.332294896245002747e-02 3.559539467096328735e-02
3.296336159110069275e-02 3.424994647502899170e-02
3.363531827926635742e-02 3.667424991726875305e-02
3.317398577928543091e-02 3.509800881147384644e-02
3.383833542466163635e-02 3.807109594345092773e-02
3.347815945744514465e-02 3.626858815550804138e-02
3.303154930472373962e-02 3.443880379199981689e-02
3.339405730366706848e-02 3.516731038689613342e-02
3.306845948100090027e-02 3.419805318117141724e-02
3.278471902012825012e-02 3.260051459074020386e-02
3.355091437697410583e-02 3.484260663390159607e-02
3.210121020674705505e-02 3.018319420516490936e-02
3.277190402150154114e-02 3.181865811347961426e-02
3.245280310511589050e-02 2.893008477985858917e-02
3.232494741678237915e-02 3.030754253268241882e-02
3.251652792096138000e-02 3.048332594335079193e-02
3.331419453024864197e-02 3.350592404603958130e-02
3.227000683546066284e-02 2.946038544178009033e-02
3.313463553786277771e-02 3.408950567245483398e-02
3.298014029860496521e-02 3.349206969141960144e-02
3.242981061339378357e-02 2.976133301854133606e-02
3.264191746711730957e-02 3.111935406923294067e-02
3.337662294507026672e-02 3.614114224910736084e-02
3.343560174107551575e-02 3.621952608227729797e-02
3.376383334398269653e-02 3.766364976763725281e-02
3.279045224189758301e-02 3.360297530889511108e-02
3.420372307300567627e-02 3.943349793553352356e-02
3.283712640404701233e-02 3.416460752487182617e-02
3.350533172488212585e-02 3.655114024877548218e-02
3.365535661578178406e-02 3.713025897741317749e-02
3.350938111543655396e-02 3.658090531826019287e-02
3.352979198098182678e-02 3.669822588562965393e-02
3.325646743178367615e-02 3.569403290748596191e-02
3.302367031574249268e-02 3.442615270614624023e-02
3.345629200339317322e-02 3.606114909052848816e-02
3.325671330094337463e-02 3.560261800885200500e-02
3.350803256034851074e-02 3.625506162643432617e-02
3.300375118851661682e-02 3.400394320487976074e-02
3.344783186912536621e-02 3.599379956722259521e-02
3.331886231899261475e-02 3.513599187135696411e-02
3.322922438383102417e-02 3.470956161618232727e-02
3.332329541444778442e-02 3.505560755729675293e-02
3.357400372624397278e-02 3.623716533184051514e-02
3.310902044177055359e-02 3.446476161479949951e-02
3.310607746243476868e-02 3.441953659057617188e-02
3.340088203549385071e-02 3.604570403695106506e-02
3.299570828676223755e-02 3.398982807993888855e-02
3.353080153465270996e-02 3.569488972425460815e-02
3.327461332082748413e-02 3.499884530901908875e-02
3.329619765281677246e-02 3.476354107260704041e-02
3.328211605548858643e-02 3.523377701640129089e-02
3.375479951500892639e-02 3.649119287729263306e-02
3.325276449322700500e-02 3.494960442185401917e-02
3.320611268281936646e-02 3.461339324712753296e-02
3.322494775056838989e-02 3.460892662405967712e-02
3.331865742802619934e-02 3.478289395570755005e-02
3.326291590929031372e-02 3.467304259538650513e-02
3.367506712675094604e-02 3.671500831842422485e-02
3.316421061754226685e-02 3.443878516554832458e-02
3.333155065774917603e-02 3.487858921289443970e-02
3.316412493586540222e-02 3.433749824762344360e-02
3.320055082440376282e-02 3.443466499447822571e-02
3.311799839138984680e-02 3.424014896154403687e-02
3.300863131880760193e-02 3.387323394417762756e-02
3.329692035913467407e-02 3.458866104483604431e-02
3.296751156449317932e-02 3.390788659453392029e-02
3.325700759887695312e-02 3.456667810678482056e-02
3.304955735802650452e-02 3.382933512330055237e-02
3.330097347497940063e-02 3.473329916596412659e-02
3.299276158213615417e-02 3.285662829875946045e-02
3.315438330173492432e-02 3.412770479917526245e-02
3.333117067813873291e-02 3.472037613391876221e-02
3.309627622365951538e-02 3.448759764432907104e-02
3.315801545977592468e-02 3.406128659844398499e-02
3.348741680383682251e-02 3.485433757305145264e-02
3.373956680297851562e-02 2.988788485527038574e-02
3.005613200366497040e-02 2.558803372085094452e-02
3.887015953660011292e-02 3.595733642578125000e-02
3.302643820643424988e-02 3.601757436990737915e-02
3.822464123368263245e-02 4.841645061969757080e-02
3.033020533621311188e-02 1.525654271245002747e-02
3.357435017824172974e-02 3.698736801743507385e-02
3.354324027895927429e-02 3.593615442514419556e-02
3.328300267457962036e-02 3.578175231814384460e-02
3.334192559123039246e-02 3.545556217432022095e-02
3.343769162893295288e-02 3.597279265522956848e-02
3.341848403215408325e-02 3.598293662071228027e-02
3.339066356420516968e-02 3.574126586318016052e-02
3.343692421913146973e-02 3.608720377087593079e-02
3.342109173536300659e-02 3.584060817956924438e-02
3.363237157464027405e-02 3.671116009354591370e-02
3.319582343101501465e-02 3.536941483616828918e-02
3.214600682258605957e-02 2.814953587949275970e-02
3.320269286632537842e-02 3.430548682808876038e-02
3.308613598346710205e-02 4.385937005281448364e-02
3.318353369832038879e-02 3.465822711586952209e-02
3.136510774493217468e-02 3.532202169299125671e-02
3.342048078775405884e-02 3.658016771078109741e-02
3.317864239215850830e-02 3.497454896569252014e-02
3.318819031119346619e-02 3.472885116934776306e-02
3.332203999161720276e-02 3.524016961455345154e-02
3.329713270068168640e-02 3.511931747198104858e-02
3.324325755238533020e-02 3.469799831509590149e-02
3.335537761449813843e-02 3.517566621303558350e-02
3.321858868002891541e-02 3.514980524778366089e-02
3.327853977680206299e-02 3.612137585878372192e-02
3.342117741703987122e-02 3.566793352365493774e-02
3.333872184157371521e-02 3.519757837057113647e-02
3.337735682725906372e-02 3.522212058305740356e-02
3.342974185943603516e-02 3.518047183752059937e-02
3.332773968577384949e-02 3.478723391890525818e-02
3.328918665647506714e-02 3.469550237059593201e-02
3.331473842263221741e-02 3.477799519896507263e-02
3.343002870678901672e-02 3.509749472141265869e-02
3.332026302814483643e-02 3.456885367631912231e-02
3.307591006159782410e-02 3.428502753376960754e-02
3.348065912723541260e-02 3.521015122532844543e-02
3.370352834463119507e-02 3.669118881225585938e-02
3.321413695812225342e-02 3.457431867718696594e-02
3.332335129380226135e-02 3.482728824019432068e-02
3.321729600429534912e-02 3.456819057464599609e-02
3.308721259236335754e-02 3.385465964674949646e-02
3.315620496869087219e-02 3.387336432933807373e-02
3.309344127774238586e-02 3.338240459561347961e-02
3.306275233626365662e-02 3.299126029014587402e-02
3.301958367228507996e-02 3.286343440413475037e-02
3.300164267420768738e-02 3.251402825117111206e-02
3.291748464107513428e-02 3.178522735834121704e-02
3.292133286595344543e-02 3.178441151976585388e-02
3.321436420083045959e-02 3.323775529861450195e-02
3.299953788518905640e-02 3.250535577535629272e-02
3.288138657808303833e-02 3.244378790259361267e-02
3.293176740407943726e-02 3.243261948227882385e-02
3.297222778201103210e-02 3.255779668688774109e-02
3.289370238780975342e-02 3.171037137508392334e-02
3.295192122459411621e-02 3.245183825492858887e-02
3.290492296218872070e-02 3.198729082942008972e-02
3.297473117709159851e-02 3.226050734519958496e-02
3.305631875991821289e-02 3.306672722101211548e-02
3.285120427608489990e-02 3.186923637986183167e-02
3.248603269457817078e-02 2.918554842472076416e-02
3.257495537400245667e-02 2.967517264187335968e-02
3.246874362230300903e-02 2.889475226402282715e-02
3.252139687538146973e-02 2.918077632784843445e-02
3.238022327423095703e-02 2.841994166374206543e-02
3.252180293202400208e-02 2.868029475212097168e-02
3.236328065395355225e-02 2.834010869264602661e-02
3.245266154408454895e-02 2.848475426435470581e-02
3.232282400131225586e-02 2.789541706442832947e-02
3.236650675535202026e-02 2.782193571329116821e-02
3.236949071288108826e-02 2.820440568029880524e-02
3.225040808320045471e-02 2.778140641748905182e-02
3.253532201051712036e-02 2.907370962202548981e-02
3.265387192368507385e-02 2.868944220244884491e-02
3.234668076038360596e-02 2.893514372408390045e-02
3.270382061600685120e-02 3.003946319222450256e-02
3.258478641510009766e-02 2.955805137753486633e-02
3.262301906943321228e-02 2.976757660508155823e-02
3.254718333482742310e-02 2.991321682929992676e-02
3.242123126983642578e-02 2.920962497591972351e-02
3.271860629320144653e-02 3.063839487731456757e-02
3.289696946740150452e-02 3.146168217062950134e-02
3.289612010121345520e-02 3.228425979614257812e-02
3.293820843100547791e-02 3.201320394873619080e-02
3.313432261347770691e-02 3.335685655474662781e-02
3.338233381509780884e-02 3.474033996462821960e-02
3.292410820722579956e-02 3.273445367813110352e-02
3.321034088730812073e-02 3.366030752658843994e-02
3.315173462033271790e-02 3.367787972092628479e-02
3.322167322039604187e-02 3.433247283101081848e-02
3.325859829783439636e-02 3.489499166607856750e-02
3.325963020324707031e-02 3.426713496446609497e-02
3.310519084334373474e-02 3.363018110394477844e-02
3.325593844056129456e-02 3.465299680829048157e-02
3.318393602967262268e-02 3.406324610114097595e-02
3.284952044486999512e-02 3.201130032539367676e-02
3.286087140440940857e-02 3.167929872870445251e-02
3.264122456312179565e-02 3.039605170488357544e-02
3.281985595822334290e-02 3.152408823370933533e-02
3.258559852838516235e-02 2.997948601841926575e-02
3.255811706185340881e-02 2.971855923533439636e-02
3.250773996114730835e-02 2.926423586905002594e-02
3.257079422473907471e-02 2.958896756172180176e-02
3.256839141249656677e-02 2.937962487339973450e-02
3.245972841978073120e-02 2.880654856562614441e-02
3.254810720682144165e-02 2.940862998366355896e-02
3.249258175492286682e-02 2.920858561992645264e-02
3.244428336620330811e-02 2.874889969825744629e-02
3.246659412980079651e-02 2.896589972078800201e-02
3.225434571504592896e-02 2.733174338936805725e-02
3.246176242828369141e-02 2.872317284345626831e-02
3.244695812463760376e-02 2.876296080648899078e-02
3.241439163684844971e-02 2.849196456372737885e-02
3.243167698383331299e-02 2.891553938388824463e-02
3.237198665738105774e-02 2.867416106164455414e-02
3.259500116109848022e-02 2.964191511273384094e-02
3.251475095748901367e-02 2.913375198841094971e-02
3.242722526192665100e-02 2.892674319446086884e-02
3.250246122479438782e-02 2.928900159895420074e-02
3.251452744007110596e-02 2.950106188654899597e-02
3.250275179743766785e-02 2.903608977794647217e-02
3.242361173033714294e-02 2.820257842540740967e-02
3.271541744470596313e-02 3.012195974588394165e-02
3.239237517118453979e-02 2.924239076673984528e-02
3.260833024978637695e-02 2.987219952046871185e-02
3.263085335493087769e-02 3.000914305448532104e-02
3.263166174292564392e-02 3.028269112110137939e-02
3.266249224543571472e-02 3.048388101160526276e-02
3.269046917557716370e-02 3.068060800433158875e-02
3.280586004257202148e-02 3.130645677447319031e-02
3.255848586559295654e-02 3.054514154791831970e-02
3.285877779126167297e-02 3.137967735528945923e-02
3.278728947043418884e-02 3.098320215940475464e-02
3.263820335268974304e-02 3.020575828850269318e-02
3.277611359953880310e-02 3.124596178531646729e-02
3.280587121844291687e-02 3.158804774284362793e-02
3.283223882317543030e-02 3.173158690333366394e-02
3.288129717111587524e-02 3.197514638304710388e-02
3.288790211081504822e-02 3.202370181679725647e-02
3.286148980259895325e-02 3.177342936396598816e-02
3.289135545492172241e-02 3.210433945059776306e-02
3.293133899569511414e-02 3.242213651537895203e-02
3.296485915780067444e-02 3.268975019454956055e-02
3.293943405151367188e-02 3.252124786376953125e-02
3.301441296935081482e-02 3.302485495805740356e-02
3.275850787758827209e-02 3.110026568174362183e-02
3.303615376353263855e-02 3.307333216071128845e-02
3.304931521415710449e-02 3.326517716050148010e-02
3.302558884024620056e-02 3.309025615453720093e-02
3.303273394703865051e-02 3.337353467941284180e-02
3.310434892773628235e-02 3.349914029240608215e-02
3.308397158980369568e-02 3.335250541567802429e-02
3.303542733192443848e-02 3.315111249685287476e-02
3.301402926445007324e-02 3.299490734934806824e-02
3.299737721681594849e-02 3.289308026432991028e-02
3.306297585368156433e-02 3.328774124383926392e-02
3.303024917840957642e-02 3.310808166861534119e-02
3.288364782929420471e-02 3.195883706212043762e-02
3.310158848762512207e-02 3.363765776157379150e-02
3.310029208660125732e-02 3.362166509032249451e-02
3.309570625424385071e-02 3.356238454580307007e-02
3.315994888544082642e-02 3.387812525033950806e-02
3.296908363699913025e-02 3.296105563640594482e-02
3.318111598491668701e-02 3.369183093309402466e-02
3.311119228601455688e-02 3.380899131298065186e-02
3.308574482798576355e-02 3.360298648476600647e-02
3.311906754970550537e-02 3.372395038604736328e-02
3.312721103429794312e-02 3.386892005801200867e-02
3.310331702232360840e-02 3.375686705112457275e-02
3.310474380850791931e-02 3.370553255081176758e-02
3.310617431998252869e-02 3.372710943222045898e-02
3.311016783118247986e-02 3.370025008916854858e-02
3.309274464845657349e-02 3.358635306358337402e-02
3.315391018986701965e-02 3.404635563492774963e-02
3.312996774911880493e-02 3.387710079550743103e-02
3.315656632184982300e-02 3.406368568539619446e-02
3.310908377170562744e-02 3.373766317963600159e-02
3.310040384531021118e-02 3.376648947596549988e-02
3.322480246424674988e-02 3.416161611676216125e-02
3.326785564422607422e-02 3.429386019706726074e-02
3.313305601477622986e-02 3.387629985809326172e-02
3.311222046613693237e-02 3.386396914720535278e-02
3.311832249164581299e-02 3.384876996278762817e-02
3.311798721551895142e-02 3.380373120307922363e-02
3.312342613935470581e-02 3.383084759116172791e-02
3.307563066482543945e-02 3.376399725675582886e-02
3.325164690613746643e-02 3.406615555286407471e-02
3.314658999443054199e-02 3.415030241012573242e-02
3.316417708992958069e-02 3.399087116122245789e-02
3.307378664612770081e-02 3.367928415536880493e-02
3.311004489660263062e-02 3.384915366768836975e-02
3.317201510071754456e-02 3.417316079139709473e-02
3.316219151020050049e-02 3.429041057825088501e-02
3.287570178508758545e-02 3.275246173143386841e-02
3.321022540330886841e-02 3.380787372589111328e-02
3.312326595187187195e-02 3.409074246883392334e-02
3.315117210149765015e-02 3.400318324565887451e-02
3.310880437493324280e-02 3.392164409160614014e-02
3.321695700287818909e-02 3.416159376502037048e-02
3.314145654439926147e-02 3.393471240997314453e-02
3.314343839883804321e-02 3.404232859611511230e-02
3.315109759569168091e-02 3.410791605710983276e-02
3.314253315329551697e-02 3.405899181962013245e-02
3.310298547148704529e-02 3.369270637631416321e-02
3.315146267414093018e-02 3.397154808044433594e-02
3.323789685964584351e-02 3.433395177125930786e-02
3.315765038132667542e-02 3.411618247628211975e-02
3.316765278577804565e-02 3.418676927685737610e-02
3.313661366701126099e-02 3.398722037672996521e-02
3.314536437392234802e-02 3.407383337616920471e-02
3.313942626118659973e-02 3.396958112716674805e-02
3.305916488170623779e-02 3.358767926692962646e-02
3.316073119640350342e-02 3.390986472368240356e-02
3.311131149530410767e-02 3.366732224822044373e-02
3.323800861835479736e-02 3.432113304734230042e-02
3.298049792647361755e-02 3.344307839870452881e-02
3.327411413192749023e-02 3.407191857695579529e-02
3.284881263971328735e-02 3.283873200416564941e-02
3.319791704416275024e-02 3.409479558467864990e-02
3.312631696462631226e-02 3.404866531491279602e-02
3.314650431275367737e-02 3.404728323221206665e-02
3.318638354539871216e-02 3.418735042214393616e-02
3.315237537026405334e-02 3.397492691874504089e-02
3.310749307274818420e-02 3.373764827847480774e-02
3.314644470810890198e-02 3.396864980459213257e-02
3.318803757429122925e-02 3.434944152832031250e-02
3.313857689499855042e-02 3.396388888359069824e-02
3.319418802857398987e-02 3.432271257042884827e-02
3.314766660332679749e-02 3.403432294726371765e-02
3.312659263610839844e-02 3.385454043745994568e-02
3.316225484013557434e-02 3.425173461437225342e-02
3.317764773964881897e-02 3.427048400044441223e-02
3.315221890807151794e-02 3.414024785161018372e-02
3.312353789806365967e-02 3.391277790069580078e-02
3.313202410936355591e-02 3.387870267033576965e-02
3.314333781599998474e-02 3.390262648463249207e-02
3.313912078738212585e-02 3.399213403463363647e-02
3.315381333231925964e-02 3.406031057238578796e-02
3.306330740451812744e-02 3.335385024547576904e-02
3.313501924276351929e-02 3.404048830270767212e-02
3.311359509825706482e-02 3.398961573839187622e-02
3.327205404639244080e-02 3.409698233008384705e-02
3.325224295258522034e-02 3.436212986707687378e-02
3.314449265599250793e-02 3.421569243073463440e-02
3.314813226461410522e-02 3.407863900065422058e-02
3.321577981114387512e-02 3.433227539062500000e-02
3.318750858306884766e-02 3.430332615971565247e-02
3.319191560149192810e-02 3.430214896798133850e-02
3.314178064465522766e-02 3.411064296960830688e-02
3.313072398304939270e-02 3.393970429897308350e-02
3.308685123920440674e-02 3.414074704051017761e-02
3.327365592122077942e-02 3.425170481204986572e-02
3.316368162631988525e-02 3.430326655507087708e-02
3.309293836355209351e-02 3.428450226783752441e-02
3.321429342031478882e-02 3.416430950164794922e-02
3.316802158951759338e-02 3.417490050196647644e-02
3.318700939416885376e-02 3.431305289268493652e-02
3.314038738608360291e-02 3.418865427374839783e-02
3.339202702045440674e-02 3.456244245171546936e-02
3.307507187128067017e-02 3.413183242082595825e-02
3.311389312148094177e-02 3.387289121747016907e-02
3.312538191676139832e-02 3.376198187470436096e-02
3.314592316746711731e-02 3.414215147495269775e-02
3.314901888370513916e-02 3.405070304870605469e-02
3.317080438137054443e-02 3.411401435732841492e-02
3.334829211235046387e-02 3.495555371046066284e-02
3.315693512558937073e-02 3.404482081532478333e-02
3.313920274376869202e-02 3.395292535424232483e-02
3.313796222209930420e-02 3.405258059501647949e-02
3.314417228102684021e-02 3.413331136107444763e-02
3.312584012746810913e-02 3.398846834897994995e-02
3.314950317144393921e-02 3.412127122282981873e-02
3.313388302922248840e-02 3.395455330610275269e-02
3.315956518054008484e-02 3.406787291169166565e-02
3.316814452409744263e-02 3.406473621726036072e-02
3.314079716801643372e-02 3.399216011166572571e-02
3.310747817158699036e-02 3.386542201042175293e-02
3.316453471779823303e-02 3.405506536364555359e-02
3.328934684395790100e-02 3.472763299942016602e-02
3.311108797788619995e-02 3.393863141536712646e-02
3.310615941882133484e-02 3.390119597315788269e-02
3.314452245831489563e-02 3.396891430020332336e-02
3.313919529318809509e-02 3.411433845758438110e-02
3.312288597226142883e-02 3.399058431386947632e-02
3.316344693303108215e-02 3.427207097411155701e-02
3.318766131997108459e-02 3.430559486150741577e-02
3.313774988055229187e-02 3.399430587887763977e-02
3.314152732491493225e-02 3.406365588307380676e-02
3.313989192247390747e-02 3.402532264590263367e-02
3.313295543193817139e-02 3.449813649058341980e-02
3.331420943140983582e-02 3.390701487660408020e-02
3.301258012652397156e-02 3.402826935052871704e-02
3.311731666326522827e-02 3.402073308825492859e-02
3.314234316349029541e-02 3.390536829829216003e-02
3.317178413271903992e-02 3.411582857370376587e-02
3.314716741442680359e-02 3.399846330285072327e-02
3.312773257493972778e-02 3.392406925559043884e-02
3.312451019883155823e-02 3.385181725025177002e-02
3.311847150325775146e-02 3.374478220939636230e-02
3.316783159971237183e-02 3.415245562791824341e-02
3.320671245455741882e-02 3.400901332497596741e-02
3.372819349169731140e-02 3.664026036858558655e-02
3.438561409711837769e-02 3.368803486227989197e-02
3.335040435194969177e-02 3.383031859993934631e-02
3.786509111523628235e-02 3.653308004140853882e-02
3.253728151321411133e-02 2.776343002915382385e-02
4.191278666257858276e-02 5.193182453513145447e-02
2.532885223627090454e-02 -1.746193319559097290e-02
3.311076760292053223e-02 3.384338691830635071e-02
3.313270956277847290e-02 3.393989056348800659e-02
3.313346579670906067e-02 3.396576270461082458e-02
3.312401846051216125e-02 3.398561850190162659e-02
3.310390934348106384e-02 3.374001756310462952e-02
3.315015509724617004e-02 3.341103345155715942e-02
3.293970227241516113e-02 3.320883214473724365e-02
3.299624100327491760e-02 3.262389823794364929e-02
3.302291035652160645e-02 3.282754495739936829e-02
3.293279558420181274e-02 3.253878653049468994e-02
3.301263973116874695e-02 3.261476755142211914e-02
3.245155513286590576e-02 2.954963222146034241e-02
3.338728845119476318e-02 3.588093444705009460e-02
3.274204954504966736e-02 3.604775667190551758e-02
3.283119946718215942e-02 3.294141590595245361e-02
3.296294063329696655e-02 3.250229731202125549e-02
3.199535980820655823e-02 3.056320734322071075e-02
3.256184980273246765e-02 3.026677481830120087e-02
3.261209279298782349e-02 3.044140338897705078e-02
3.291988000273704529e-02 3.243767470121383667e-02
3.293988481163978577e-02 3.234101831912994385e-02
3.295560553669929504e-02 3.259078413248062134e-02
3.300517424941062927e-02 3.273565322160720825e-02
3.295668587088584900e-02 3.267203271389007568e-02
3.296430781483650208e-02 3.265006095170974731e-02
3.294675424695014954e-02 3.258229047060012817e-02
3.292549774050712585e-02 3.253442049026489258e-02
3.297647833824157715e-02 3.271399438381195068e-02
3.298278898000717163e-02 3.280711174011230469e-02
3.284225612878799438e-02 3.161060065031051636e-02
3.301993012428283691e-02 3.314340859651565552e-02
3.300812840461730957e-02 3.276835009455680847e-02
3.302170708775520325e-02 3.290576860308647156e-02
3.297106176614761353e-02 3.295767679810523987e-02
3.279528021812438965e-02 3.183744475245475769e-02
3.303678333759307861e-02 3.260427340865135193e-02
3.293524682521820068e-02 3.262456133961677551e-02
3.305647894740104675e-02 3.280246630311012268e-02
3.294101729989051819e-02 3.292292729020118713e-02
3.299330919981002808e-02 3.265532478690147400e-02
3.298463672399520874e-02 3.282081708312034607e-02
3.287267312407493591e-02 3.176041319966316223e-02
3.299160301685333252e-02 3.263527899980545044e-02
3.293747454881668091e-02 3.269366547465324402e-02
3.296928480267524719e-02 3.261736780405044556e-02
3.297918289899826050e-02 3.271888941526412964e-02
3.298680484294891357e-02 3.279067948460578918e-02
3.296932950615882874e-02 3.263020515441894531e-02
3.298839181661605835e-02 3.278123214840888977e-02
3.300207480788230896e-02 3.294128924608230591e-02
3.299988433718681335e-02 3.292583674192428589e-02
3.298102319240570068e-02 3.272622823715209961e-02
3.299138695001602173e-02 3.286346793174743652e-02
3.290867432951927185e-02 3.214746341109275818e-02
3.300191089510917664e-02 3.297878056764602661e-02
3.294684365391731262e-02 3.254908695816993713e-02
3.293882310390472412e-02 3.250491991639137268e-02
3.294713795185089111e-02 3.250370547175407410e-02
3.299521654844284058e-02 3.286724165081977844e-02
3.296786546707153320e-02 3.265581652522087097e-02
3.298907354474067688e-02 3.282495588064193726e-02
3.297113254666328430e-02 3.272392973303794861e-02
3.297870978713035583e-02 3.277863562107086182e-02
3.299552202224731445e-02 3.286122158169746399e-02
3.299923613667488098e-02 3.291741386055946350e-02
3.284456953406333923e-02 3.184093534946441650e-02
3.301555663347244263e-02 3.304409980773925781e-02
3.299953415989875793e-02 3.295608237385749817e-02
3.299821913242340088e-02 3.289175033569335938e-02
3.299110010266304016e-02 3.287783637642860413e-02
3.301644697785377502e-02 3.305535018444061279e-02
3.302098065614700317e-02 3.309644758701324463e-02
3.302423655986785889e-02 3.311644494533538818e-02
3.302546590566635132e-02 3.313024342060089111e-02
3.304807096719741821e-02 3.327262401580810547e-02
3.304461389780044556e-02 3.327057883143424988e-02
3.303368017077445984e-02 3.317696973681449890e-02
3.300476446747779846e-02 3.300368413329124451e-02
3.305141255259513855e-02 3.332795575261116028e-02
3.302967175841331482e-02 3.315647691488265991e-02
3.302386775612831116e-02 3.313162177801132202e-02
3.304882720112800598e-02 3.333622589707374573e-02
3.308572247624397278e-02 3.347751498222351074e-02
3.287373483180999756e-02 3.270834684371948242e-02
3.321159631013870239e-02 3.386377170681953430e-02
3.308049589395523071e-02 3.351951763033866882e-02
3.304164111614227295e-02 3.330849483609199524e-02
3.307048603892326355e-02 3.340772166848182678e-02
3.305920213460922241e-02 3.345242887735366821e-02
3.299701213836669922e-02 3.287158533930778503e-02
3.306757286190986633e-02 3.345294296741485596e-02
3.305417671799659729e-02 3.337008506059646606e-02
3.306696191430091858e-02 3.345476835966110229e-02
3.305152431130409241e-02 3.334291651844978333e-02
3.308171406388282776e-02 3.355303034186363220e-02
3.306216001510620117e-02 3.342584148049354553e-02
3.307655453681945801e-02 3.351685032248497009e-02
3.306473791599273682e-02 3.344370052218437195e-02
3.307293355464935303e-02 3.350235149264335632e-02
3.307399153709411621e-02 3.349347412586212158e-02
3.307318314909934998e-02 3.354375436902046204e-02
3.302833437919616699e-02 3.313917294144630432e-02
3.309702873229980469e-02 3.367469087243080139e-02
3.309046104550361633e-02 3.363281860947608948e-02
3.308608755469322205e-02 3.359468653798103333e-02
3.308314085006713867e-02 3.358843922615051270e-02
3.308107331395149231e-02 3.357104957103729248e-02
3.308754786849021912e-02 3.359310328960418701e-02
3.308114409446716309e-02 3.353606536984443665e-02
3.309752047061920166e-02 3.367763385176658630e-02
3.308555856347084045e-02 3.360744565725326538e-02
3.309020772576332092e-02 3.360739350318908691e-02
3.309059143066406250e-02 3.362432494759559631e-02
3.309371322393417358e-02 3.362461179494857788e-02
3.312774375081062317e-02 3.381770476698875427e-02
3.297099471092224121e-02 3.346734493970870972e-02
3.319445997476577759e-02 3.351690992712974548e-02
3.310399875044822693e-02 3.394541144371032715e-02
3.308307752013206482e-02 3.347719833254814148e-02
3.316793218255043030e-02 3.408586606383323669e-02
3.310126811265945435e-02 3.372296318411827087e-02
3.300914540886878967e-02 3.322590142488479614e-02
3.312528505921363831e-02 3.379239514470100403e-02
3.304923325777053833e-02 3.353421390056610107e-02
3.314576670527458191e-02 3.375379368662834167e-02
3.305780887603759766e-02 3.347267955541610718e-02
3.310802578926086426e-02 3.378961607813835144e-02
3.310048207640647888e-02 3.371875360608100891e-02
3.310399129986763000e-02 3.374065458774566650e-02
3.308629244565963745e-02 3.361635282635688782e-02
3.309614956378936768e-02 3.368436917662620544e-02
3.309882059693336487e-02 3.370438888669013977e-02
3.310170397162437439e-02 3.371907770633697510e-02
3.309064731001853943e-02 3.363205492496490479e-02
3.310115635395050049e-02 3.372388333082199097e-02
3.310035169124603271e-02 3.371249139308929443e-02
3.309624642133712769e-02 3.367684036493301392e-02
3.314819559454917908e-02 3.391120582818984985e-02
3.311145678162574768e-02 3.381009772419929504e-02
3.310194984078407288e-02 3.386214002966880798e-02
3.310451656579971313e-02 3.346303850412368774e-02
3.317494690418243408e-02 3.412653133273124695e-02
3.308861702680587769e-02 3.374866768717765808e-02
3.306230530142784119e-02 3.350470215082168579e-02
3.312759846448898315e-02 3.386087343096733093e-02
3.307781368494033813e-02 3.360222652554512024e-02
3.309560567140579224e-02 3.366584703326225281e-02
3.309459611773490906e-02 3.358089551329612732e-02
3.308387845754623413e-02 3.362415730953216553e-02
3.308279439806938171e-02 3.352607786655426025e-02
3.310192748904228210e-02 3.371981158852577209e-02
3.308333829045295715e-02 3.365064412355422974e-02
3.308527171611785889e-02 3.358811140060424805e-02
3.309220448136329651e-02 3.363644331693649292e-02
3.306960687041282654e-02 3.355590999126434326e-02
3.308492898941040039e-02 3.359925001859664917e-02
3.308930248022079468e-02 3.361784294247627258e-02
3.308558836579322815e-02 3.362680971622467041e-02
3.310036286711692810e-02 3.371290490031242371e-02
3.309028223156929016e-02 3.359858691692352295e-02
3.309389948844909668e-02 3.364035114645957947e-02
3.303244709968566895e-02 3.321561217308044434e-02
3.311010822653770447e-02 3.378474339842796326e-02
3.310269489884376526e-02 3.372878953814506531e-02
3.308274596929550171e-02 3.359726071357727051e-02
3.310431540012359619e-02 3.374911472201347351e-02
3.309990465641021729e-02 3.364047780632972717e-02
3.308557718992233276e-02 3.361005708575248718e-02
3.309186175465583801e-02 3.365680202841758728e-02
3.308866545557975769e-02 3.361525014042854309e-02
3.307444602251052856e-02 3.351927548646926880e-02
3.306866064667701721e-02 3.368043527007102966e-02
3.313023969531059265e-02 3.323921933770179749e-02
3.304389119148254395e-02 3.395503014326095581e-02
3.308572620153427124e-02 3.352245315909385681e-02
3.301227837800979614e-02 3.316204994916915894e-02
3.315846994519233704e-02 3.420090675354003906e-02
3.306227549910545349e-02 3.337828069925308228e-02
3.309572115540504456e-02 3.356885164976119995e-02
3.314039483666419983e-02 3.381903469562530518e-02
3.304408863186836243e-02 3.345889225602149963e-02
3.315895423293113708e-02 3.385426104068756104e-02
3.309917449951171875e-02 3.368561714887619019e-02
3.308945894241333008e-02 3.361465036869049072e-02
3.309122845530509949e-02 3.364817053079605103e-02
3.307612985372543335e-02 3.333776071667671204e-02
3.308646008372306824e-02 3.360387682914733887e-02
3.309104219079017639e-02 3.356635197997093201e-02
3.308869898319244385e-02 3.357377648353576660e-02
3.306262195110321045e-02 3.339303284883499146e-02
3.306599706411361694e-02 3.345840796828269958e-02
3.307258710265159607e-02 3.342501074075698853e-02
3.306632488965988159e-02 3.342182934284210205e-02
3.307512402534484863e-02 3.344659134745597839e-02
3.304879367351531982e-02 3.331361711025238037e-02
3.304088860750198364e-02 3.324183449149131775e-02
3.310032561421394348e-02 3.352064639329910278e-02
3.315810486674308777e-02 3.344814851880073547e-02
3.316462039947509766e-02 3.362651541829109192e-02
3.303767740726470947e-02 3.339976444840431213e-02
3.294822946190834045e-02 3.285474330186843872e-02
3.309472650289535522e-02 3.339574486017227173e-02
3.304194658994674683e-02 3.328950330615043640e-02
3.304009512066841125e-02 3.317046165466308594e-02
3.305316716432571411e-02 3.328280150890350342e-02
3.304933384060859680e-02 3.328540921211242676e-02
3.304859995841979980e-02 3.334720060229301453e-02
3.305300697684288025e-02 3.322288393974304199e-02
3.304411470890045166e-02 3.322757408022880554e-02
3.300744667649269104e-02 3.286612406373023987e-02
3.305005282163619995e-02 3.332091867923736572e-02
3.305422887206077576e-02 3.333587944507598877e-02
3.305456414818763733e-02 3.330667689442634583e-02
3.304920345544815063e-02 3.328353911638259888e-02
3.306730464100837708e-02 3.341145440936088562e-02
3.304315730929374695e-02 3.328554332256317139e-02
3.305489569902420044e-02 3.333116322755813599e-02
3.304854780435562134e-02 3.330955654382705688e-02
3.307342156767845154e-02 3.339562937617301941e-02
3.305016458034515381e-02 3.339768946170806885e-02
3.306060656905174255e-02 3.335153311491012573e-02
3.311188519001007080e-02 3.359182551503181458e-02
3.306437283754348755e-02 3.341727703809738159e-02
3.305283188819885254e-02 3.339763358235359192e-02
3.307224810123443604e-02 3.344176709651947021e-02
3.307742625474929810e-02 3.348086029291152954e-02
3.307501599192619324e-02 3.351126238703727722e-02
3.308034688234329224e-02 3.353118151426315308e-02
3.308949992060661316e-02 3.353296965360641479e-02
3.298376873135566711e-02 3.314792737364768982e-02
3.316405043005943298e-02 3.392099961638450623e-02
3.305263444781303406e-02 3.349750488996505737e-02
3.322708234190940857e-02 3.414287045598030090e-02
3.303227201104164124e-02 3.404533118009567261e-02
3.313413634896278381e-02 3.375189378857612610e-02
3.315762430429458618e-02 3.389865159988403320e-02
3.310373798012733459e-02 3.378542885184288025e-02
3.304463624954223633e-02 3.366043418645858765e-02
3.309096023440361023e-02 3.401571139693260193e-02
3.306093066930770874e-02 3.379575535655021667e-02
3.313020244240760803e-02 3.388915210962295532e-02
3.305638208985328674e-02 3.383982181549072266e-02
3.310767188668251038e-02 3.390986099839210510e-02
3.311827778816223145e-02 3.395980596542358398e-02
3.312893956899642944e-02 3.394146263599395752e-02
3.306316956877708435e-02 3.399470075964927673e-02
3.310110047459602356e-02 3.363636136054992676e-02
3.303987160325050354e-02 3.315700218081474304e-02
3.301763534545898438e-02 3.301426395773887634e-02
3.299789875745773315e-02 3.269588574767112732e-02
3.298227861523628235e-02 3.279029205441474915e-02
3.290922939777374268e-02 3.203042596578598022e-02
3.290158510208129883e-02 3.195680677890777588e-02
3.277306258678436279e-02 3.133165091276168823e-02
3.278766199946403503e-02 3.051560185849666595e-02
3.285787627100944519e-02 3.207049518823623657e-02
3.281973674893379211e-02 3.174701705574989319e-02
3.282030671834945679e-02 3.049552068114280701e-02
3.292045369744300842e-02 3.217254206538200378e-02
3.282383084297180176e-02 3.150399029254913330e-02
3.282347694039344788e-02 3.151848167181015015e-02
3.288512304425239563e-02 3.189623728394508362e-02
3.284579142928123474e-02 3.185094892978668213e-02
3.283395618200302124e-02 3.162801638245582581e-02
3.288488462567329407e-02 3.193956241011619568e-02
3.269590437412261963e-02 3.043179772794246674e-02
3.264745324850082397e-02 3.001701086759567261e-02
3.275084868073463440e-02 3.076783195137977600e-02
3.260443732142448425e-02 2.991054952144622803e-02
3.263745829463005066e-02 2.936902455985546112e-02
3.260099887847900391e-02 2.971997484564781189e-02
3.253921493887901306e-02 2.919473685324192047e-02
3.257787972688674927e-02 2.949162758886814117e-02
3.254837170243263245e-02 2.919329144060611725e-02
3.260168805718421936e-02 2.957401424646377563e-02
3.259362652897834778e-02 2.979277446866035461e-02
3.268875181674957275e-02 3.022125922143459320e-02
3.267324343323707581e-02 3.018813766539096832e-02
3.267255425453186035e-02 3.012368269264698029e-02
3.258534893393516541e-02 2.930984646081924438e-02
3.259172663092613220e-02 2.931752800941467285e-02
3.279280290007591248e-02 3.023683838546276093e-02
3.268608450889587402e-02 3.018808737397193909e-02
3.266695886850357056e-02 3.022196143865585327e-02
3.261299431324005127e-02 2.974336221814155579e-02
3.269249945878982544e-02 3.038676641881465912e-02
3.263285011053085327e-02 3.031775727868080139e-02
3.262729197740554810e-02 2.992954291403293610e-02
3.266191110014915466e-02 3.037634119391441345e-02
3.273112699389457703e-02 3.080008924007415771e-02
3.248660266399383545e-02 2.962117269635200500e-02
3.281844034790992737e-02 3.113810531795024872e-02
3.279138728976249695e-02 3.157082945108413696e-02
3.278136625885963440e-02 3.163290768861770630e-02
3.300476819276809692e-02 3.249607235193252563e-02
3.287552669644355774e-02 3.231288120150566101e-02
3.277869150042533875e-02 3.160393610596656799e-02
3.289673104882240295e-02 3.209298476576805115e-02
3.299260511994361877e-02 3.270495310425758362e-02
3.317460790276527405e-02 3.344444185495376587e-02
3.379189595580101013e-02 3.484635800123214722e-02
3.479641675949096680e-02 3.195041790604591370e-02
3.275591135025024414e-02 3.195371478796005249e-02
3.636445105075836182e-02 3.730907663702964783e-02
3.315918520092964172e-02 3.194153308868408203e-02
3.497113659977912903e-02 3.797283023595809937e-02
2.734347060322761536e-02 -7.127702236175537109e-03
3.321158513426780701e-02 3.429708629846572876e-02
3.322127833962440491e-02 3.437471389770507812e-02
3.333482518792152405e-02 3.501061722636222839e-02
3.337793052196502686e-02 3.517168015241622925e-02
3.328442946076393127e-02 3.479499369859695435e-02
3.353037685155868530e-02 3.564902767539024353e-02
3.320304304361343384e-02 3.473194316029548645e-02
3.311971202492713928e-02 3.396916389465332031e-02
3.347630426287651062e-02 3.507754579186439514e-02
3.317265957593917847e-02 3.449232131242752075e-02
3.349313884973526001e-02 3.509756177663803101e-02
3.292718902230262756e-02 3.249038010835647583e-02
4.029893502593040466e-02 8.348390460014343262e-02
3.355796635150909424e-02 3.612451627850532532e-02
3.336332738399505615e-02 3.202957287430763245e-02
3.465022891759872437e-02 4.181652888655662537e-02
3.070423007011413574e-02 2.919378876686096191e-02
3.245146572589874268e-02 3.177122771739959717e-02
3.309778124094009399e-02 3.396438062191009521e-02
3.317479789257049561e-02 3.394999727606773376e-02
3.315366059541702271e-02 3.401288762688636780e-02
3.316129744052886963e-02 3.379273414611816406e-02
3.312952071428298950e-02 3.392641991376876831e-02
3.311537951231002808e-02 3.387390822172164917e-02
3.299823775887489319e-02 3.380820527672767639e-02
3.297140821814537048e-02 3.346538916230201721e-02
3.313561901450157166e-02 3.413663059473037720e-02
3.296469524502754211e-02 3.347113355994224548e-02
3.309061750769615173e-02 3.380856290459632874e-02
3.301878273487091064e-02 3.397369012236595154e-02
3.337109461426734924e-02 3.515249490737915039e-02
3.333318978548049927e-02 3.496139124035835266e-02
3.327701613306999207e-02 3.467966988682746887e-02
3.326778486371040344e-02 3.438111022114753723e-02
3.349214792251586914e-02 3.404617309570312500e-02
3.329442068934440613e-02 3.451076149940490723e-02
3.323480486869812012e-02 3.440925478935241699e-02
3.292148187756538391e-02 3.306210041046142578e-02
3.321807458996772766e-02 3.442429751157760620e-02
3.303099423646926880e-02 3.368781879544258118e-02
3.297629579901695251e-02 3.343350067734718323e-02
3.331654146313667297e-02 3.441186994314193726e-02
3.323571011424064636e-02 3.429079800844192505e-02
3.318233415484428406e-02 3.394078835844993591e-02
3.330460563302040100e-02 3.436894714832305908e-02
3.321811184287071228e-02 3.361795842647552490e-02
3.375746309757232666e-02 3.567731380462646484e-02
3.332854807376861572e-02 3.438133001327514648e-02
3.332384303212165833e-02 3.454374894499778748e-02
3.335922583937644958e-02 3.471561893820762634e-02
3.319435939192771912e-02 3.401421383023262024e-02
3.303127735853195190e-02 3.334958106279373169e-02
3.310747444629669189e-02 3.398981690406799316e-02
3.302314132452011108e-02 3.354387730360031128e-02
3.314292058348655701e-02 3.428966924548149109e-02
3.311999887228012085e-02 3.374488279223442078e-02
3.315830230712890625e-02 3.395984694361686707e-02
3.320127353072166443e-02 3.412313759326934814e-02
3.378060460090637207e-02 3.652781248092651367e-02
3.327190130949020386e-02 3.437529876828193665e-02
3.313704207539558411e-02 3.355227410793304443e-02
3.325418382883071899e-02 3.422503545880317688e-02
3.303378447890281677e-02 3.344637900590896606e-02
3.318610414862632751e-02 3.431006893515586853e-02
3.319303318858146667e-02 3.400545567274093628e-02
3.297652676701545715e-02 3.287956491112709045e-02
3.331693634390830994e-02 3.406090289354324341e-02
3.323728963732719421e-02 3.341920301318168640e-02
3.326049819588661194e-02 3.311659768223762512e-02
3.334438428282737732e-02 3.402728587388992310e-02
3.364433720707893372e-02 3.542882204055786133e-02
3.327115625143051147e-02 3.394477814435958862e-02
3.286640718579292297e-02 3.266771882772445679e-02
3.327371925115585327e-02 3.536074236035346985e-02
3.342816606163978577e-02 3.612148761749267578e-02
3.314126655459403992e-02 3.433674573898315430e-02
3.329550102353096008e-02 3.547091037034988403e-02
3.298744186758995056e-02 3.370643407106399536e-02
3.333050012588500977e-02 3.506727516651153564e-02
3.282999619841575623e-02 3.282841667532920837e-02
3.286649659276008606e-02 3.231263160705566406e-02
3.322681784629821777e-02 3.455040976405143738e-02
3.301633521914482117e-02 3.494046628475189209e-02
3.319849073886871338e-02 3.441202640533447266e-02
3.363067656755447388e-02 3.801130503416061401e-02
3.329014405608177185e-02 3.599813953042030334e-02
3.365927189588546753e-02 3.834756091237068176e-02
3.360850736498832703e-02 3.779343143105506897e-02
3.327615559101104736e-02 3.557998687028884888e-02
3.337552770972251892e-02 3.582827374339103699e-02
3.318078070878982544e-02 3.409964218735694885e-02
3.292924910783767700e-02 3.260838240385055542e-02
3.295184671878814697e-02 3.293431550264358521e-02
3.304162248969078064e-02 3.327049314975738525e-02
3.321143612265586853e-02 3.617088869214057922e-02
3.269632160663604736e-02 3.119135461747646332e-02
3.311677649617195129e-02 3.360509872436523438e-02
3.336810693144798279e-02 3.476869687438011169e-02
3.280977532267570496e-02 3.193182125687599182e-02
3.322393819689750671e-02 3.377274423837661743e-02
3.308301791548728943e-02 3.318193554878234863e-02
3.322894126176834106e-02 3.369859606027603149e-02
3.279715776443481445e-02 3.191266581416130066e-02
3.316473588347434998e-02 3.379142656922340393e-02
3.305619955062866211e-02 3.309423476457595825e-02
3.325201570987701416e-02 3.390874341130256653e-02
3.336446359753608704e-02 3.510383889079093933e-02
3.309668600559234619e-02 3.286788612604141235e-02
3.306950256228446960e-02 3.300213068723678589e-02
3.310574218630790710e-02 3.338476642966270447e-02
3.309689834713935852e-02 3.316443786025047302e-02
3.311479836702346802e-02 3.325659036636352539e-02
3.322646021842956543e-02 3.374706581234931946e-02
3.304097056388854980e-02 3.265028819441795349e-02
3.323348239064216614e-02 3.300166875123977661e-02
3.309127315878868103e-02 3.286864981055259705e-02
3.306159377098083496e-02 3.264119103550910950e-02
3.322163596749305725e-02 3.369947895407676697e-02
3.310990706086158752e-02 3.317888826131820679e-02
3.311706706881523132e-02 3.244666382670402527e-02
3.307676687836647034e-02 3.223047405481338501e-02
3.302797675132751465e-02 3.193582221865653992e-02
3.319369629025459290e-02 3.258154168725013733e-02
3.299507498741149902e-02 3.195244446396827698e-02
3.308568522334098816e-02 3.227400407195091248e-02
3.289539739489555359e-02 3.116770274937152863e-02
3.329502418637275696e-02 3.339599817991256714e-02
3.300665691494941711e-02 3.154062852263450623e-02
3.291439265012741089e-02 3.067321516573429108e-02
3.265904262661933899e-02 2.970742061734199524e-02
3.264112398028373718e-02 2.934923768043518066e-02
3.228536248207092285e-02 2.775467373430728912e-02
3.179104998707771301e-02 2.473201043903827667e-02
3.214439749717712402e-02 2.632112614810466766e-02
3.225392848253250122e-02 2.687808312475681305e-02
3.267286717891693115e-02 3.020397759974002838e-02
3.241400048136711121e-02 2.896742895245552063e-02
3.274085745215415955e-02 3.006481006741523743e-02
3.287481516599655151e-02 3.114987723529338837e-02
3.299084678292274475e-02 3.170409798622131348e-02
3.329012915492057800e-02 3.317921981215476990e-02
3.324313461780548096e-02 3.349081799387931824e-02
3.411855548620223999e-02 3.931262716650962830e-02
3.321160003542900085e-02 3.411358967423439026e-02
3.309715166687965393e-02 3.364944830536842346e-02
3.322440758347511292e-02 3.464266657829284668e-02
3.288632258772850037e-02 3.184804320335388184e-02
3.291753306984901428e-02 3.131892159581184387e-02
3.344871103763580322e-02 3.457899391651153564e-02
3.328179568052291870e-02 3.350754082202911377e-02
3.345937654376029968e-02 3.439818322658538818e-02
3.339323401451110840e-02 3.407532349228858948e-02
3.326835483312606812e-02 3.361230343580245972e-02
3.320378437638282776e-02 3.373733535408973694e-02
3.359441831707954407e-02 3.597178682684898376e-02
3.324631974101066589e-02 3.381370753049850464e-02
3.330077230930328369e-02 3.420084714889526367e-02
3.341733664274215698e-02 3.572087362408638000e-02
3.297365829348564148e-02 3.380591422319412231e-02
3.329482674598693848e-02 3.583383187651634216e-02
3.315706551074981689e-02 3.398933261632919312e-02
3.366205468773841858e-02 3.526241704821586609e-02
3.416387364268302917e-02 3.726577758789062500e-02
3.394458070397377014e-02 3.522307798266410828e-02
3.343333676457405090e-02 3.363661840558052063e-02
3.324211388826370239e-02 3.339750692248344421e-02
3.356609120965003967e-02 3.797925263643264771e-02
3.290994837880134583e-02 3.252502158284187317e-02
3.303425014019012451e-02 3.327763825654983521e-02
3.305318951606750488e-02 3.277000039815902710e-02
3.341589495539665222e-02 3.440262377262115479e-02
3.353957831859588623e-02 3.465055301785469055e-02
3.351666778326034546e-02 3.460839390754699707e-02
3.337365761399269104e-02 3.378196433186531067e-02
3.281949460506439209e-02 3.080887906253337860e-02
3.290487825870513916e-02 3.201735392212867737e-02
3.289904817938804626e-02 3.187791630625724792e-02
3.272048383951187134e-02 3.171835467219352722e-02
3.401245176792144775e-02 4.178922623395919800e-02
3.312190622091293335e-02 3.211874142289161682e-02
3.324672579765319824e-02 3.229104354977607727e-02
3.328146040439605713e-02 3.215125203132629395e-02
3.314304724335670471e-02 3.123817406594753265e-02
3.259150683879852295e-02 2.852293848991394043e-02
3.263512998819351196e-02 2.942906878888607025e-02
3.304753825068473816e-02 3.201902285218238831e-02
3.305397927761077881e-02 3.149462118744850159e-02
3.302664309740066528e-02 3.089005127549171448e-02
3.326615318655967712e-02 3.192589432001113892e-02
3.307475149631500244e-02 3.122861497104167938e-02
3.342624008655548096e-02 3.312860429286956787e-02
3.278238698840141296e-02 3.029483556747436523e-02
3.260823339223861694e-02 2.929340302944183350e-02
3.264291957020759583e-02 2.930891700088977814e-02
3.288296982645988464e-02 3.038934618234634399e-02
3.286187723278999329e-02 3.049184009432792664e-02
3.270724415779113770e-02 2.902811020612716675e-02
3.282606229186058044e-02 3.061239793896675110e-02
3.254124149680137634e-02 2.856788039207458496e-02
3.261577710509300232e-02 2.950898557901382446e-02
3.276038914918899536e-02 2.950675413012504578e-02
3.251554444432258606e-02 2.867038361728191376e-02
3.324444964528083801e-02 3.276852890849113464e-02
3.265894576907157898e-02 2.952660992741584778e-02
3.309329226613044739e-02 3.226846456527709961e-02
3.298860788345336914e-02 3.207153454422950745e-02
3.340004757046699524e-02 3.447160124778747559e-02
3.337354212999343872e-02 3.444681689143180847e-02
3.241255506873130798e-02 2.828183397650718689e-02
3.301067277789115906e-02 3.195729851722717285e-02
3.320135548710823059e-02 3.383274003863334656e-02
3.274454921483993530e-02 3.089536912739276886e-02
3.265328332781791687e-02 3.021616116166114807e-02
3.215350583195686340e-02 2.662773430347442627e-02
3.262922167778015137e-02 3.098009340465068817e-02
3.306482359766960144e-02 3.171376883983612061e-02
3.338559716939926147e-02 3.380889818072319031e-02
3.326770663261413574e-02 3.321105986833572388e-02
3.337528556585311890e-02 3.369454666972160339e-02
3.309593722224235535e-02 3.219319134950637817e-02
3.310209512710571289e-02 3.250155597925186157e-02
3.302458673715591431e-02 3.270429000258445740e-02
3.277787566184997559e-02 3.046679496765136719e-02
3.273609653115272522e-02 3.041104413568973541e-02
3.232900798320770264e-02 2.557380124926567078e-02
3.250008076429367065e-02 2.478669211268424988e-02
3.255378454923629761e-02 2.794691175222396851e-02
3.312811255455017090e-02 3.204111754894256592e-02
3.250796347856521606e-02 2.938584983348846436e-02
3.291156888008117676e-02 3.307164460420608521e-02
3.242059424519538879e-02 2.978231944143772125e-02
3.232710063457489014e-02 2.848602458834648132e-02
3.223424777388572693e-02 2.743566967546939850e-02
3.216770291328430176e-02 2.582032978534698486e-02
3.146255388855934143e-02 2.144065126776695251e-02
3.143423795700073242e-02 2.196190878748893738e-02
3.144028782844543457e-02 2.275077626109123230e-02
3.187127038836479187e-02 2.550401911139488220e-02
nan nan
