3.370633348822593689e-02 3.753082081675529480e-02
3.383338451385498047e-02 3.808738663792610168e-02
3.371029719710350037e-02 3.769858554005622864e-02
3.355536237359046936e-02 3.622538968920707703e-02
3.342723473906517029e-02 3.551567718386650085e-02
3.346402943134307861e-02 3.619356080889701843e-02
3.352521732449531555e-02 3.636329993605613708e-02
3.340499103069305420e-02 3.575603663921356201e-02
3.330451622605323792e-02 3.492901474237442017e-02
3.344854339957237244e-02 3.571281954646110535e-02
3.348160907626152039e-02 3.567449003458023071e-02
3.368129953742027283e-02 3.638328984379768372e-02
3.330588340759277344e-02 3.467651829123497009e-02
3.331420943140983582e-02 3.460978344082832336e-02
3.332087397575378418e-02 3.489635884761810303e-02
3.339221701025962830e-02 3.512785583734512329e-02
3.320575132966041565e-02 3.400546312332153320e-02
3.318281099200248718e-02 3.352021053433418274e-02
3.309457004070281982e-02 3.267288208007812500e-02
3.322758525609970093e-02 3.409019112586975098e-02
3.312540054321289062e-02 3.340889886021614075e-02
3.325263038277626038e-02 3.412395343184471130e-02
3.304726630449295044e-02 3.333341330289840698e-02
3.334337845444679260e-02 3.504775837063789368e-02
3.313657641410827637e-02 3.372703865170478821e-02
3.322829306125640869e-02 3.419927880167961121e-02
3.340578824281692505e-02 3.509739786386489868e-02
3.347383812069892883e-02 3.574711084365844727e-02
3.353923931717872620e-02 3.606962412595748901e-02
3.352547809481620789e-02 3.577890619635581970e-02
3.362082690000534058e-02 3.662597015500068665e-02
3.339944034814834595e-02 3.532776236534118652e-02
3.333351761102676392e-02 3.521757200360298157e-02
3.321652486920356750e-02 3.486476466059684753e-02
3.335677832365036011e-02 3.597414866089820862e-02
3.330223634839057922e-02 3.447441011667251587e-02
3.316100314259529114e-02 3.463194891810417175e-02
3.319815918803215027e-02 3.442739695310592651e-02
3.308259323239326477e-02 3.385089337825775146e-02
3.315256908535957336e-02 3.422123566269874573e-02
3.312477096915245056e-02 3.398386761546134949e-02
3.304740414023399353e-02 3.345096856355667114e-02
3.302825614809989929e-02 3.325697034597396851e-02
3.316569328308105469e-02 3.353162854909896851e-02
3.296900168061256409e-02 3.191244602203369141e-02
3.322741016745567322e-02 3.326148912310600281e-02
3.313308581709861755e-02 3.278864547610282898e-02
3.307704254984855652e-02 3.080316819250583649e-02
3.320975974202156067e-02 3.366353735327720642e-02
3.308941796422004700e-02 3.308631852269172668e-02
3.306876122951507568e-02 3.334181383252143860e-02
3.288382291793823242e-02 3.247326985001564026e-02
3.285042941570281982e-02 3.241169452667236328e-02
3.293079882860183716e-02 3.226312994956970215e-02
3.310705721378326416e-02 3.297868371009826660e-02
3.333776071667671204e-02 3.376556932926177979e-02
3.336818143725395203e-02 3.408187627792358398e-02
3.340585529804229736e-02 3.444055467844009399e-02
3.345064073801040649e-02 3.513608500361442566e-02
3.313643485307693481e-02 3.319404646754264832e-02
3.308429196476936340e-02 3.466393053531646729e-02
3.301196917891502380e-02 3.463451936841011047e-02
3.310159966349601746e-02 3.394783288240432739e-02
3.326434642076492310e-02 3.424821048974990845e-02
3.359640017151832581e-02 3.549580648541450500e-02
3.375747054815292358e-02 3.631863370537757874e-02
3.322592005133628845e-02 3.178265690803527832e-02
3.333209455013275146e-02 3.448026627302169800e-02
3.320355713367462158e-02 3.282736986875534058e-02
3.326166793704032898e-02 3.428266942501068115e-02
3.312238678336143494e-02 3.332517668604850769e-02
3.332782536745071411e-02 3.172882273793220520e-02
3.286985680460929871e-02 3.070087172091007233e-02
3.350164741277694702e-02 3.524381294846534729e-02
3.342692181468009949e-02 3.444470092654228210e-02
3.354999795556068420e-02 3.590527176856994629e-02
3.359171375632286072e-02 3.694340214133262634e-02
3.352997452020645142e-02 3.611844778060913086e-02
3.342887014150619507e-02 3.501361981034278870e-02
3.337368741631507874e-02 3.539553657174110413e-02
3.332177177071571350e-02 3.567608818411827087e-02
3.310933336615562439e-02 3.432710096240043640e-02
3.308076411485671997e-02 3.501277044415473938e-02
3.272068873047828674e-02 2.995177544653415680e-02
3.342151641845703125e-02 3.534456342458724976e-02
3.332421928644180298e-02 3.356141224503517151e-02
3.315701335668563843e-02 3.277244791388511658e-02
3.299894928932189941e-02 3.177964687347412109e-02
3.322741389274597168e-02 3.413498029112815857e-02
3.285811841487884521e-02 3.269914537668228149e-02
3.266324847936630249e-02 3.218558803200721741e-02
3.259338065981864929e-02 3.212380036711692810e-02
3.308716416358947754e-02 3.535280376672744751e-02
3.277828916907310486e-02 3.320423513650894165e-02
3.140596300363540649e-02 2.456979826092720032e-02
3.225941210985183716e-02 2.759894356131553650e-02
3.324705734848976135e-02 3.504935652017593384e-02
3.325182199478149414e-02 3.502076864242553711e-02
3.298792988061904907e-02 3.278743475675582886e-02
3.290367498993873596e-02 3.232786059379577637e-02
3.291335701942443848e-02 3.271796554327011108e-02
3.297919780015945435e-02 3.303632885217666626e-02
3.298376128077507019e-02 3.321707621216773987e-02
3.307950869202613831e-02 3.419131413102149963e-02
3.307426720857620239e-02 3.483610600233078003e-02
3.287998586893081665e-02 3.413705527782440186e-02
3.269137814640998840e-02 3.282050788402557373e-02
3.207299858331680298e-02 2.904581651091575623e-02
3.316807746887207031e-02 3.440470993518829346e-02
3.309322893619537354e-02 3.363700211048126221e-02
3.292271122336387634e-02 3.242888301610946655e-02
3.294612839818000793e-02 3.269990161061286926e-02
3.274558112025260925e-02 3.183021023869514465e-02
3.257534280419349670e-02 3.115265816450119019e-02
3.285182639956474304e-02 3.326689451932907104e-02
3.290168568491935730e-02 3.380762785673141479e-02
3.301331773400306702e-02 3.447867929935455322e-02
3.290236368775367737e-02 3.355289995670318604e-02
3.279004618525505066e-02 3.204370662569999695e-02
3.283340111374855042e-02 2.952540479600429535e-02
3.334979340434074402e-02 3.484020754694938660e-02
3.329760581254959106e-02 3.428620100021362305e-02
3.318475931882858276e-02 3.379722684621810913e-02
3.300021961331367493e-02 3.296306356787681580e-02
3.288139402866363525e-02 3.235989436507225037e-02
3.250617906451225281e-02 3.019170835614204407e-02
3.282923251390457153e-02 3.212017938494682312e-02
3.316728770732879639e-02 3.452159464359283447e-02
3.306032344698905945e-02 3.345731645822525024e-02
3.314981982111930847e-02 3.397321701049804688e-02
3.297492489218711853e-02 3.284431248903274536e-02
3.243767470121383667e-02 2.672730386257171631e-02
3.272794932126998901e-02 3.113689832389354706e-02
3.310340642929077148e-02 3.354036808013916016e-02
3.300623595714569092e-02 3.325749933719635010e-02
3.282200172543525696e-02 3.241099417209625244e-02
3.269649669528007507e-02 3.135053068399429321e-02
3.264123946428298950e-02 3.089487366378307343e-02
3.274255990982055664e-02 3.153154999017715454e-02
3.302248567342758179e-02 3.293955326080322266e-02
3.294868022203445435e-02 3.199141100049018860e-02
3.288475424051284790e-02 3.178057447075843811e-02
3.277598321437835693e-02 3.078645095229148865e-02
3.267463669180870056e-02 2.683045715093612671e-02
3.233100473880767822e-02 2.803496830165386200e-02
3.276995196938514709e-02 3.089269064366817474e-02
3.278149664402008057e-02 3.081460297107696533e-02
3.260078653693199158e-02 3.005898743867874146e-02
3.259747102856636047e-02 3.049094229936599731e-02
3.226972371339797974e-02 2.848033793270587921e-02
3.230863437056541443e-02 2.880008891224861145e-02
3.287706896662712097e-02 3.238810598850250244e-02
3.286800533533096313e-02 3.217669203877449036e-02
3.286148235201835632e-02 3.185253217816352844e-02
3.271414339542388916e-02 3.069083020091056824e-02
3.283304348587989807e-02 2.921968512237071991e-02
3.219475224614143372e-02 2.691385895013809204e-02
3.252755478024482727e-02 2.908410131931304932e-02
3.263971582055091858e-02 3.018747642636299133e-02
3.276119381189346313e-02 3.111406229436397552e-02
3.258750215172767639e-02 3.030100092291831970e-02
3.252518549561500549e-02 2.968100458383560181e-02
3.245941549539566040e-02 2.950655855238437653e-02
3.256421908736228943e-02 2.987798303365707397e-02
3.300313651561737061e-02 3.185816481709480286e-02
3.306240588426589966e-02 3.241531550884246826e-02
3.285289183259010315e-02 3.103484958410263062e-02
3.290189802646636963e-02 2.926532365381717682e-02
3.241679072380065918e-02 2.885379642248153687e-02
3.253759443759918213e-02 2.987412549555301666e-02
3.247994929552078247e-02 2.903107553720474243e-02
3.263021633028984070e-02 3.008523210883140564e-02
3.274159505963325500e-02 3.138051554560661316e-02
3.258930891752243042e-02 3.034127689898014069e-02
3.237763792276382446e-02 2.912071160972118378e-02
3.241684287786483765e-02 2.927813678979873657e-02
3.291638940572738647e-02 3.226410970091819763e-02
3.291346132755279541e-02 3.197045624256134033e-02
3.289780020713806152e-02 3.187256678938865662e-02
3.298081457614898682e-02 3.119373694062232971e-02
3.290191665291786194e-02 3.201693296432495117e-02
3.245267271995544434e-02 2.915188670158386230e-02
3.282933682203292847e-02 3.197811916470527649e-02
3.298256173729896545e-02 3.285534679889678955e-02
3.300544619560241699e-02 3.305479511618614197e-02
3.286186605691909790e-02 3.214612975716590881e-02
3.281280398368835449e-02 3.176926821470260620e-02
3.239031508564949036e-02 2.837237715721130371e-02
3.277327492833137512e-02 3.035986423492431641e-02
3.306338563561439514e-02 3.301200270652770996e-02
3.298258408904075623e-02 3.217641636729240417e-02
3.347251564264297485e-02 3.281108662486076355e-02
3.267375752329826355e-02 3.032209724187850952e-02
3.206505253911018372e-02 2.649826742708683014e-02
3.251362591981887817e-02 2.963525801897048950e-02
3.286119177937507629e-02 3.193023428320884705e-02
3.292063996195793152e-02 3.247160837054252625e-02
3.256112709641456604e-02 3.051003441214561462e-02
3.261926025152206421e-02 3.076872043311595917e-02
3.246256709098815918e-02 2.990288101136684418e-02
3.239069506525993347e-02 2.911775000393390656e-02
3.293677419424057007e-02 3.238861635327339172e-02
3.312399238348007202e-02 3.323386609554290771e-02
3.308892995119094849e-02 3.104705736041069031e-02
3.272389248013496399e-02 3.093527443706989288e-02
3.255351632833480835e-02 3.032141923904418945e-02
3.271786123514175415e-02 3.141935169696807861e-02
3.300192952156066895e-02 3.362236917018890381e-02
3.304416686296463013e-02 3.345453739166259766e-02
3.308612108230590820e-02 3.390832990407943726e-02
3.301987424492835999e-02 3.338391333818435669e-02
3.294221684336662292e-02 3.296729549765586853e-02
3.293485194444656372e-02 3.288344293832778931e-02
3.295433148741722107e-02 3.314179554581642151e-02
3.298423811793327332e-02 3.357741236686706543e-02
3.289380669593811035e-02 3.178561106324195862e-02
3.305606171488761902e-02 3.339465707540512085e-02
3.322977572679519653e-02 3.403505310416221619e-02
3.326028957962989807e-02 3.372869640588760376e-02
3.322921320796012878e-02 3.341571241617202759e-02
3.326477482914924622e-02 3.338854387402534485e-02
3.334096446633338928e-02 3.431896865367889404e-02
3.322677686810493469e-02 3.377420455217361450e-02
3.312674537301063538e-02 3.352893143892288208e-02
3.313750401139259338e-02 3.372967243194580078e-02
3.289291635155677795e-02 3.214421868324279785e-02
3.267292305827140808e-02 3.093514777719974518e-02
3.194283694028854370e-02 2.776729129254817963e-02
3.250671178102493286e-02 3.172191604971885681e-02
3.199299052357673645e-02 2.975729107856750488e-02
3.176741302013397217e-02 2.930531650781631470e-02
3.167543932795524597e-02 2.817611768841743469e-02
3.256579115986824036e-02 3.148496896028518677e-02
3.279548510909080505e-02 3.034085035324096680e-02
3.337014466524124146e-02 2.846677042543888092e-02
3.395011276006698608e-02 3.406411781907081604e-02
3.393170237541198730e-02 3.439627960324287415e-02
3.343726322054862976e-02 3.205058351159095764e-02
3.340903297066688538e-02 3.361840546131134033e-02
3.242921084165573120e-02 2.633415162563323975e-02
3.279075026512145996e-02 3.029348514974117279e-02
3.258112445473670959e-02 2.923119068145751953e-02
3.255197405815124512e-02 2.898931130766868591e-02
3.257216885685920715e-02 2.901627868413925171e-02
3.289194777607917786e-02 3.143292292952537537e-02
3.261867910623550415e-02 2.954196557402610779e-02
3.284292295575141907e-02 3.104714676737785339e-02
3.288999199867248535e-02 3.142483159899711609e-02
3.304685652256011963e-02 3.206624463200569153e-02
3.297027572989463806e-02 3.178966790437698364e-02
3.281307592988014221e-02 3.100313991308212280e-02
3.218748420476913452e-02 2.543666027486324310e-02
3.300790116190910339e-02 3.279527276754379272e-02
3.316505625844001770e-02 3.316444158554077148e-02
3.331005200743675232e-02 3.380325436592102051e-02
3.310178592801094055e-02 3.204930573701858521e-02
3.341432660818099976e-02 3.370937332510948181e-02
3.313573077321052551e-02 3.287476673722267151e-02
3.282300382852554321e-02 3.256949782371520996e-02
3.247081488370895386e-02 3.200298175215721130e-02
3.211229667067527771e-02 3.162983059883117676e-02
3.204829990863800049e-02 3.431321308016777039e-02
3.341537341475486755e-02 4.303370416164398193e-02
2.964169718325138092e-02 2.812304534018039703e-02
3.176382184028625488e-02 3.021953999996185303e-02
3.212471678853034973e-02 2.996563911437988281e-02
3.257942199707031250e-02 3.055828623473644257e-02
3.314161300659179688e-02 3.358341380953788757e-02
3.330557420849800110e-02 3.404277190566062927e-02
3.305099904537200928e-02 3.270429372787475586e-02
3.270423039793968201e-02 3.128347545862197876e-02
3.278500214219093323e-02 3.194343298673629761e-02
3.286648914217948914e-02 3.282034024596214294e-02
3.288445621728897095e-02 3.314634412527084351e-02
3.270385041832923889e-02 3.211266919970512390e-02
3.160111606121063232e-02 2.467239648103713989e-02
3.275246918201446533e-02 3.190359100699424744e-02
3.288757428526878357e-02 3.252934291958808899e-02
3.285808861255645752e-02 3.226673603057861328e-02
3.293078020215034485e-02 3.252309560775756836e-02
3.298134729266166687e-02 3.259402513504028320e-02
3.299124911427497864e-02 3.261093050241470337e-02
3.314507007598876953e-02 3.350981324911117554e-02
3.304023668169975281e-02 3.321397304534912109e-02
3.303112089633941650e-02 3.306475281715393066e-02
3.307813778519630432e-02 3.333247080445289612e-02
3.291906788945198059e-02 3.257182613015174866e-02
3.195425868034362793e-02 2.511378563940525055e-02
3.306304663419723511e-02 3.352986276149749756e-02
3.303850069642066956e-02 3.335425257682800293e-02
3.312739729881286621e-02 3.371610492467880249e-02
3.309603035449981689e-02 3.344089165329933167e-02
3.308061882853507996e-02 3.352509438991546631e-02
3.299614042043685913e-02 3.301950544118881226e-02
3.305740281939506531e-02 3.343836590647697449e-02
3.312138095498085022e-02 3.394821286201477051e-02
3.305324912071228027e-02 3.361411392688751221e-02
3.296783939003944397e-02 3.310560062527656555e-02
3.295588865876197815e-02 3.325619176030158997e-02
3.205402195453643799e-02 2.617361769080162048e-02
3.287931531667709351e-02 3.271785005927085876e-02
3.275896981358528137e-02 3.180956840515136719e-02
3.288345038890838623e-02 3.265093266963958740e-02
3.285379335284233093e-02 3.237880766391754150e-02
3.265688940882682800e-02 3.143723309040069580e-02
3.297991305589675903e-02 3.349249437451362610e-02
3.301284089684486389e-02 3.384631872177124023e-02
3.294986858963966370e-02 3.367482870817184448e-02
3.292770311236381531e-02 3.297705575823783875e-02
3.270132839679718018e-02 3.138203173875808716e-02
3.292341530323028564e-02 3.248669952154159546e-02
3.268103674054145813e-02 2.986936829984188080e-02
3.317143768072128296e-02 3.335545957088470459e-02
3.340814635157585144e-02 3.513753786683082581e-02
3.330871462821960449e-02 3.487623482942581177e-02
3.321753069758415222e-02 3.451764211058616638e-02
3.313717618584632874e-02 3.411401808261871338e-02
3.294366970658302307e-02 3.289770707488059998e-02
3.327982127666473389e-02 3.540887311100959778e-02
3.327567875385284424e-02 3.540125116705894470e-02
3.330123797059059143e-02 3.572215884923934937e-02
3.327465429902076721e-02 3.587141633033752441e-02
3.334974125027656555e-02 3.641251102089881897e-02
3.393836691975593567e-02 4.068375751376152039e-02
3.326299041509628296e-02 3.590186312794685364e-02
3.317248448729515076e-02 3.495354577898979187e-02
3.323894739151000977e-02 3.563400357961654663e-02
3.340856730937957764e-02 3.651744872331619263e-02
3.373243659734725952e-02 3.850492089986801147e-02
3.349598869681358337e-02 3.677308559417724609e-02
3.329387679696083069e-02 3.545930981636047363e-02
3.320985659956932068e-02 3.527051210403442383e-02
3.375599905848503113e-02 3.868694603443145752e-02
3.361419588327407837e-02 3.780306875705718994e-02
3.374499082565307617e-02 3.873449936509132385e-02
3.446208685636520386e-02 4.327841103076934814e-02
3.334815800189971924e-02 3.585867211222648621e-02
3.420777618885040283e-02 4.248185455799102783e-02
3.478194028139114380e-02 4.689036309719085693e-02
3.418771550059318542e-02 4.230505973100662231e-02
3.389379754662513733e-02 3.960570693016052246e-02
3.512063995003700256e-02 4.950125887989997864e-02
3.549677133560180664e-02 5.194874107837677002e-02
3.660635277628898621e-02 6.040588766336441040e-02
3.584845364093780518e-02 5.426602065563201904e-02
3.300989791750907898e-02 3.311437368392944336e-02
3.286227956414222717e-02 3.214357793331146240e-02
3.242602571845054626e-02 2.964532561600208282e-02
3.290624916553497314e-02 3.238094598054885864e-02
3.300939127802848816e-02 3.312058001756668091e-02
3.298697620630264282e-02 3.278191760182380676e-02
3.298493102192878723e-02 3.280671685934066772e-02
3.281204029917716980e-02 3.167268261313438416e-02
3.252861648797988892e-02 2.976773306727409363e-02
3.281620517373085022e-02 3.176811337471008301e-02
3.285826742649078369e-02 3.199193626642227173e-02
3.285736963152885437e-02 3.220711648464202881e-02
3.303549811244010925e-02 3.319901600480079651e-02
3.310178220272064209e-02 3.349596634507179260e-02
3.312200307846069336e-02 3.278527781367301941e-02
3.277816623449325562e-02 3.152754157781600952e-02
3.275247290730476379e-02 3.123978711664676666e-02
3.286230564117431641e-02 3.191234916448593140e-02
3.235753998160362244e-02 2.852786332368850708e-02
3.240713849663734436e-02 2.904669009149074554e-02
3.241216391324996948e-02 2.925221249461174011e-02
3.259364515542984009e-02 3.054221533238887787e-02
3.266141191124916077e-02 3.108506277203559875e-02
3.254106640815734863e-02 3.045496530830860138e-02
3.242067247629165649e-02 2.904663421213626862e-02
3.234697133302688599e-02 2.827939391136169434e-02
3.279998525977134705e-02 3.138967230916023254e-02
3.250623866915702820e-02 2.952329069375991821e-02
3.264205902814865112e-02 3.057508729398250580e-02
3.290427848696708679e-02 3.227338939905166626e-02
3.304900601506233215e-02 3.320484235882759094e-02
3.306888043880462646e-02 3.304543346166610718e-02
3.305913135409355164e-02 3.313159570097923279e-02
3.304797410964965820e-02 3.319291770458221436e-02
3.295488283038139343e-02 3.273006901144981384e-02
3.275549411773681641e-02 3.150244802236557007e-02
3.275210037827491760e-02 3.138659521937370300e-02
3.294480964541435242e-02 3.283850476145744324e-02
3.284632414579391479e-02 3.178412839770317078e-02
3.298094496130943298e-02 3.276573121547698975e-02
3.306794911623001099e-02 3.349194675683975220e-02
3.310221806168556213e-02 3.345073014497756958e-02
3.320253640413284302e-02 3.413206338882446289e-02
3.310673311352729797e-02 3.339330106973648071e-02
3.309416770935058594e-02 3.339103981852531433e-02
3.315348178148269653e-02 3.341227024793624878e-02
3.317598253488540649e-02 3.377697616815567017e-02
3.315431997179985046e-02 3.394518792629241943e-02
3.307232260704040527e-02 3.374302387237548828e-02
3.314057365059852600e-02 3.411892056465148926e-02
3.321953862905502319e-02 3.490562364459037781e-02
3.309125080704689026e-02 3.406855836510658264e-02
3.307579830288887024e-02 3.398849815130233765e-02
3.307431191205978394e-02 3.375743329524993896e-02
3.319814801216125488e-02 3.449130430817604065e-02
3.322237357497215271e-02 3.468210995197296143e-02
3.318520635366439819e-02 3.423073887825012207e-02
3.318061307072639465e-02 3.403907269239425659e-02
3.320930898189544678e-02 3.405345603823661804e-02
3.326417133212089539e-02 3.408507257699966431e-02
3.327550366520881653e-02 3.432026505470275879e-02
3.331995010375976562e-02 3.477394580841064453e-02
3.342467173933982849e-02 3.500313684344291687e-02
3.316633030772209167e-02 3.398004919290542603e-02
3.320790454745292664e-02 3.415783494710922241e-02
3.319326043128967285e-02 3.398076444864273071e-02
3.320829570293426514e-02 3.412600606679916382e-02
3.321867808699607849e-02 3.431924059987068176e-02
3.315982595086097717e-02 3.396396711468696594e-02
3.313214331865310669e-02 3.384321182966232300e-02
3.317936509847640991e-02 3.431509062647819519e-02
3.312097489833831787e-02 3.399924933910369873e-02
3.311086818575859070e-02 3.405091166496276855e-02
3.311175107955932617e-02 3.411549702286720276e-02
3.297212719917297363e-02 3.350301459431648254e-02
3.315467387437820435e-02 3.415415436029434204e-02
3.316060453653335571e-02 3.417478501796722412e-02
3.314335271716117859e-02 3.406912460923194885e-02
3.314427286386489868e-02 3.404239937663078308e-02
3.316526859998703003e-02 3.420249372720718384e-02
3.315090760588645935e-02 3.414873778820037842e-02
3.310158103704452515e-02 3.378158435225486755e-02
3.312261402606964111e-02 3.403324633836746216e-02
3.307742998003959656e-02 3.366430848836898804e-02
3.312011435627937317e-02 3.401674330234527588e-02
3.306271880865097046e-02 3.371842950582504272e-02
3.294156864285469055e-02 3.338575363159179688e-02
3.310507163405418396e-02 3.392607346177101135e-02
3.309748694300651550e-02 3.388403356075286865e-02
3.306775912642478943e-02 3.373619541525840759e-02
3.309384733438491821e-02 3.386623039841651917e-02
3.308176994323730469e-02 3.383013978600502014e-02
3.308130800724029541e-02 3.380932658910751343e-02
3.307691216468811035e-02 3.374432399868965149e-02
3.310569748282432556e-02 3.390442207455635071e-02
3.312249481678009033e-02 3.406291455030441284e-02
3.314228355884552002e-02 3.406959399580955505e-02
3.310601413249969482e-02 3.377533704042434692e-02
3.311164304614067078e-02 3.427966311573982239e-02
3.313598036766052246e-02 3.405712917447090149e-02
3.312792629003524780e-02 3.395539149641990662e-02
3.310305252671241760e-02 3.374331444501876831e-02
3.309725224971771240e-02 3.372648358345031738e-02
3.311977535486221313e-02 3.388675302267074585e-02
3.311803936958312988e-02 3.384223207831382751e-02
3.311402350664138794e-02 3.385226428508758545e-02
3.312523290514945984e-02 3.386157751083374023e-02
3.312475606799125671e-02 3.385762870311737061e-02
3.310450166463851929e-02 3.379838913679122925e-02
3.307589143514633179e-02 3.367038071155548096e-02
3.293439000844955444e-02 3.277389705181121826e-02
3.308945149183273315e-02 3.391208127140998840e-02
3.305204957723617554e-02 3.378840163350105286e-02
3.293951600790023804e-02 3.334196656942367554e-02
3.290953859686851501e-02 3.359812125563621521e-02
3.295475989580154419e-02 3.353785350918769836e-02
3.299877792596817017e-02 3.368727862834930420e-02
3.302703052759170532e-02 3.366561606526374817e-02
3.307906910777091980e-02 3.379476070404052734e-02
3.303924202919006348e-02 3.348637744784355164e-02
3.306618332862854004e-02 3.350985422730445862e-02
3.309822827577590942e-02 3.377658501267433167e-02
3.304436430335044861e-02 3.326592594385147095e-02
3.306839987635612488e-02 3.350823000073432922e-02
3.309446573257446289e-02 3.365025669336318970e-02
3.302417322993278503e-02 3.312746062874794006e-02
3.303905948996543884e-02 3.324820101261138916e-02
3.307345137000083923e-02 3.344777598977088928e-02
3.303040936589241028e-02 3.311210125684738159e-02
3.299281746149063110e-02 3.285704925656318665e-02
3.309150785207748413e-02 3.342850506305694580e-02
3.305801749229431152e-02 3.320800885558128357e-02
3.306590765714645386e-02 3.320403024554252625e-02
3.309476748108863831e-02 3.340649232268333435e-02
3.293536603450775146e-02 3.163153305649757385e-02
3.315212205052375793e-02 3.380822762846946716e-02
3.314190357923507690e-02 3.364604711532592773e-02
3.311678767204284668e-02 3.341287001967430115e-02
3.309974074363708496e-02 3.334615752100944519e-02
3.315948694944381714e-02 3.362878039479255676e-02
3.316204249858856201e-02 3.355134651064872742e-02
3.316377103328704834e-02 3.365853801369667053e-02
3.306074067950248718e-02 3.306608647108078003e-02
3.310968354344367981e-02 3.347130119800567627e-02
3.314484655857086182e-02 3.367223963141441345e-02
3.313548117876052856e-02 3.346349671483039856e-02
3.287746012210845947e-02 3.125008195638656616e-02
3.314422443509101868e-02 3.358979150652885437e-02
3.311729431152343750e-02 3.375770151615142822e-02
3.302624449133872986e-02 3.325613960623741150e-02
3.305795788764953613e-02 3.346157819032669067e-02
3.305470943450927734e-02 3.324889391660690308e-02
3.306267410516738892e-02 3.312833979725837708e-02
3.315168991684913635e-02 3.370014205574989319e-02
3.313961625099182129e-02 3.355006873607635498e-02
3.317880630493164062e-02 3.393678739666938782e-02
3.312886133790016174e-02 3.377038612961769104e-02
3.305950015783309937e-02 3.333389759063720703e-02
3.292116150259971619e-02 3.149081021547317505e-02
3.300995007157325745e-02 3.326850384473800659e-02
3.302226960659027100e-02 3.344674408435821533e-02
3.298621624708175659e-02 3.318767249584197998e-02
3.304549679160118103e-02 3.346129134297370911e-02
3.308033943176269531e-02 3.366281464695930481e-02
3.314948081970214844e-02 3.391173854470252991e-02
3.322265297174453735e-02 3.411536663770675659e-02
3.319497406482696533e-02 3.397967666387557983e-02
3.320838510990142822e-02 3.385269269347190857e-02
3.315550461411476135e-02 3.349602594971656799e-02
3.318675979971885681e-02 3.331982344388961792e-02
3.363533690571784973e-02 3.416089713573455811e-02
3.314407169818878174e-02 3.222901001572608948e-02
3.343570232391357422e-02 3.425975516438484192e-02
3.326281160116195679e-02 3.341121971607208252e-02
3.300490975379943848e-02 3.254247084259986877e-02
3.298867493867874146e-02 3.270692378282546997e-02
3.308286517858505249e-02 3.343523666262626648e-02
3.304115310311317444e-02 3.286914899945259094e-02
3.303043544292449951e-02 3.306673839688301086e-02
3.297397121787071228e-02 3.334114700555801392e-02
3.304525092244148254e-02 3.385387361049652100e-02
3.295369446277618408e-02 3.362440317869186401e-02
3.250082954764366150e-02 3.165743872523307800e-02
3.299881517887115479e-02 3.359168022871017456e-02
3.310858085751533508e-02 3.416635096073150635e-02
3.305203840136528015e-02 3.365459665656089783e-02
3.319009765982627869e-02 3.440403938293457031e-02
3.318934142589569092e-02 3.442583233118057251e-02
3.325986117124557495e-02 3.445903956890106201e-02
3.330566361546516418e-02 3.445671498775482178e-02
3.329133242368698120e-02 3.411618992686271667e-02
3.346731886267662048e-02 3.478425368666648865e-02
3.352276235818862915e-02 3.511125594377517700e-02
3.352737799286842346e-02 3.480565175414085388e-02
3.399153426289558411e-02 3.350080177187919617e-02
3.339577093720436096e-02 3.530901297926902771e-02
3.311688080430030823e-02 3.422760963439941406e-02
3.302650153636932373e-02 3.391657397150993347e-02
3.326974436640739441e-02 3.543988615274429321e-02
3.325159102678298950e-02 3.499440848827362061e-02
3.310476243495941162e-02 3.454491496086120605e-02
3.327468782663345337e-02 3.623635321855545044e-02
3.336870297789573669e-02 3.662631660699844360e-02
3.335418179631233215e-02 3.556399047374725342e-02
3.359095379710197449e-02 3.621311485767364502e-02
3.374942764639854431e-02 3.774077072739601135e-02
3.496295213699340820e-02 4.064579308032989502e-02
3.388457372784614563e-02 3.925895318388938904e-02
3.410146757960319519e-02 3.997126966714859009e-02
3.410849347710609436e-02 4.008818417787551880e-02
3.444759920239448547e-02 4.167522490024566650e-02
3.470542281866073608e-02 4.387242347002029419e-02
3.384901955723762512e-02 3.876907750964164734e-02
3.377122059464454651e-02 3.880335763096809387e-02
3.326838463544845581e-02 3.563639521598815918e-02
3.342628106474876404e-02 3.701820969581604004e-02
3.353256732225418091e-02 3.816660121083259583e-02
3.343332558870315552e-02 3.780545666813850403e-02
3.398102521896362305e-02 3.932315111160278320e-02
3.337023407220840454e-02 3.671534731984138489e-02
3.348649293184280396e-02 3.729565814137458801e-02
3.355700895190238953e-02 3.723392263054847717e-02
3.333948180079460144e-02 3.568603098392486572e-02
3.347931057214736938e-02 3.671450912952423096e-02
3.339878469705581665e-02 3.639873489737510681e-02
3.298430144786834717e-02 3.338047116994857788e-02
3.322200849652290344e-02 3.498379886150360107e-02
3.291054442524909973e-02 3.269340842962265015e-02
3.283283486962318420e-02 3.235168009996414185e-02
3.296266868710517883e-02 3.269782662391662598e-02
3.226921707391738892e-02 2.622594498097896576e-02
3.303838521242141724e-02 3.383485600352287292e-02
3.305227309465408325e-02 3.387318179011344910e-02
3.304176777601242065e-02 3.409393876791000366e-02
3.294752165675163269e-02 3.320077806711196899e-02
3.306645154953002930e-02 3.389035537838935852e-02
3.314780071377754211e-02 3.432160988450050354e-02
3.323461115360260010e-02 3.466997668147087097e-02
3.309566155076026917e-02 3.363247215747833252e-02
3.313304483890533447e-02 3.408608958125114441e-02
3.307500109076499939e-02 3.371191769838333130e-02
3.295376151800155640e-02 3.297220543026924133e-02
3.497873991727828979e-02 4.094428941607475281e-02
3.318743035197257996e-02 3.445486724376678467e-02
3.321148455142974854e-02 3.442120924592018127e-02
3.322114050388336182e-02 3.446647524833679199e-02
3.328138589859008789e-02 3.483779728412628174e-02
3.315567597746849060e-02 3.395718708634376526e-02
3.316956013441085815e-02 3.408885747194290161e-02
3.320976346731185913e-02 3.470678627490997314e-02
3.304187580943107605e-02 3.398497030138969421e-02
3.301519155502319336e-02 3.403502330183982849e-02
3.293159231543540955e-02 3.428632020950317383e-02
3.294139355421066284e-02 3.413323685526847839e-02
3.473889827728271484e-02 4.586011916399002075e-02
3.327037394046783447e-02 3.506872430443763733e-02
3.370305150747299194e-02 3.710280358791351318e-02
3.346748650074005127e-02 3.564119338989257812e-02
3.374804183840751648e-02 3.774527460336685181e-02
3.350432217121124268e-02 3.640419989824295044e-02
3.348053991794586182e-02 3.569004312157630920e-02
3.344818577170372009e-02 3.607212379574775696e-02
3.364531695842742920e-02 3.716366738080978394e-02
3.379856050014495850e-02 3.803510591387748718e-02
3.387599438428878784e-02 3.880829736590385437e-02
3.407390415668487549e-02 4.016151651740074158e-02
3.449022769927978516e-02 4.241976886987686157e-02
3.385104984045028687e-02 3.851065412163734436e-02
3.399824723601341248e-02 3.966196253895759583e-02
3.385739028453826904e-02 3.839139640331268311e-02
3.404008969664573669e-02 4.051087424159049988e-02
3.387513756752014160e-02 3.926897048950195312e-02
3.343831002712249756e-02 3.634751588106155396e-02
3.337617218494415283e-02 3.590767085552215576e-02
3.337981551885604858e-02 3.590736538171768188e-02
3.359176963567733765e-02 3.621154651045799255e-02
3.381160274147987366e-02 3.764395415782928467e-02
3.335016220808029175e-02 3.543013334274291992e-02
3.390283137559890747e-02 3.721796721220016479e-02
3.311368450522422791e-02 3.392102941870689392e-02
3.305959701538085938e-02 3.363667801022529602e-02
3.292418643832206726e-02 3.281411901116371155e-02
3.303224220871925354e-02 3.324272111058235168e-02
3.323408588767051697e-02 3.402389585971832275e-02
3.333233669400215149e-02 3.438572958111763000e-02
3.326172381639480591e-02 3.416995704174041748e-02
3.300515189766883850e-02 3.303988650441169739e-02
3.277476504445075989e-02 3.189719840884208679e-02
3.253797814249992371e-02 3.069714084267616272e-02
3.266009688377380371e-02 3.124131076037883759e-02
3.238721936941146851e-02 2.941093593835830688e-02
3.274623304605484009e-02 3.130258992314338684e-02
3.288505226373672485e-02 3.219622001051902771e-02
3.263907879590988159e-02 3.051269240677356720e-02
3.299568220973014832e-02 3.297191113233566284e-02
3.295403718948364258e-02 3.234232962131500244e-02
3.335627913475036621e-02 3.519283607602119446e-02
3.322429955005645752e-02 3.461878746747970581e-02
3.294513002038002014e-02 3.276873379945755005e-02
3.284046798944473267e-02 3.237280249595642090e-02
3.279299288988113403e-02 3.172971680760383606e-02
3.278257697820663452e-02 3.167491406202316284e-02
3.308295831084251404e-02 3.347044065594673157e-02
3.307469189167022705e-02 3.340308368206024170e-02
3.286119550466537476e-02 3.201904892921447754e-02
3.272357210516929626e-02 3.075788356363773346e-02
3.262992575764656067e-02 3.040369413793087006e-02
3.273374959826469421e-02 3.114891052246093750e-02
3.327931463718414307e-02 3.503219783306121826e-02
3.348994627594947815e-02 3.604769706726074219e-02
3.355308249592781067e-02 3.655904904007911682e-02
3.348439931869506836e-02 3.597168251872062683e-02
3.327365219593048096e-02 3.483438491821289062e-02
3.337321430444717407e-02 3.535272553563117981e-02
3.295756503939628601e-02 3.166449069976806641e-02
3.314298018813133240e-02 3.370144218206405640e-02
3.326668590307235718e-02 3.474437817931175232e-02
3.333746269345283508e-02 3.539470210671424866e-02
3.330440074205398560e-02 3.495804220438003540e-02
3.330114111304283142e-02 3.511531278491020203e-02
3.332423418760299683e-02 3.516425564885139465e-02
3.343233093619346619e-02 3.589032217860221863e-02
3.325125202536582947e-02 3.478321805596351624e-02
3.321740403771400452e-02 3.474274650216102600e-02
3.325264528393745422e-02 3.515821322798728943e-02
3.331734612584114075e-02 3.517274931073188782e-02
3.337623551487922668e-02 3.563240170478820801e-02
3.332008048892021179e-02 3.526790812611579895e-02
3.322836011648178101e-02 3.468102961778640747e-02
3.328885138034820557e-02 3.504963219165802002e-02
3.323511779308319092e-02 3.461881726980209351e-02
3.339755162596702576e-02 3.559162095189094543e-02
3.343039005994796753e-02 3.568993881344795227e-02
3.350728750228881836e-02 3.611275553703308105e-02
3.336444124579429626e-02 3.544043377041816711e-02
3.337555751204490662e-02 3.553660586476325989e-02
3.332214429974555969e-02 3.526141494512557983e-02
3.325506299734115601e-02 3.498817235231399536e-02
3.324518352746963501e-02 3.523671627044677734e-02
3.326668217778205872e-02 3.507431969046592712e-02
3.332585096359252930e-02 3.552686423063278198e-02
3.335857018828392029e-02 3.563648462295532227e-02
3.333377838134765625e-02 3.550466895103454590e-02
3.320377692580223083e-02 3.460837528109550476e-02
3.318602219223976135e-02 3.468783199787139893e-02
3.326688706874847412e-02 3.488398343324661255e-02
3.335646539926528931e-02 3.565939888358116150e-02
3.339523077011108398e-02 3.568714857101440430e-02
3.335318714380264282e-02 3.522434830665588379e-02
3.334543108940124512e-02 3.504442051053047180e-02
3.355316072702407837e-02 3.609700873494148254e-02
3.334453701972961426e-02 3.516383469104766846e-02
3.330932930111885071e-02 3.486359119415283203e-02
3.329495340585708618e-02 3.473629429936408997e-02
3.332808241248130798e-02 3.499946743249893188e-02
3.325469046831130981e-02 3.460844978690147400e-02
3.325831890106201172e-02 3.470981121063232422e-02
3.325428813695907593e-02 3.460557758808135986e-02
3.318429365754127502e-02 3.420468419790267944e-02
3.316557034850120544e-02 3.413584455847740173e-02
3.321074321866035461e-02 3.434873372316360474e-02
3.323178738355636597e-02 3.448710218071937561e-02
3.320628032088279724e-02 3.421254083514213562e-02
3.317474201321601868e-02 3.415906801819801331e-02
3.316101059317588806e-02 3.408525139093399048e-02
3.314654901623725891e-02 3.399199992418289185e-02
3.312698006629943848e-02 3.392899036407470703e-02
3.311289101839065552e-02 3.379398956894874573e-02
3.314598649740219116e-02 3.402163460850715637e-02
3.315709903836250305e-02 3.407183289527893066e-02
3.315825387835502625e-02 3.404271975159645081e-02
3.314393386244773865e-02 3.399494662880897522e-02
3.313658013939857483e-02 3.397404029965400696e-02
3.313824161887168884e-02 3.393961489200592041e-02
3.315191715955734253e-02 3.387313336133956909e-02
3.311014920473098755e-02 3.381058946251869202e-02
3.309719264507293701e-02 3.375382721424102783e-02
3.309984132647514343e-02 3.379433974623680115e-02
3.306137025356292725e-02 3.353114798665046692e-02
3.310422599315643311e-02 3.377487882971763611e-02
3.309855982661247253e-02 3.376882150769233704e-02
3.308841213583946228e-02 3.385222330689430237e-02
3.308212384581565857e-02 3.384787961840629578e-02
3.306474536657333374e-02 3.373324871063232422e-02
3.304717317223548889e-02 3.356555104255676270e-02
3.312185779213905334e-02 3.389856591820716858e-02
3.298309445381164551e-02 3.329251706600189209e-02
3.313504159450531006e-02 3.397224843502044678e-02
3.311942145228385925e-02 3.382064774632453918e-02
3.313298523426055908e-02 3.397465869784355164e-02
3.311181068420410156e-02 3.382483869791030884e-02
3.315389528870582581e-02 3.408098593354225159e-02
3.313329070806503296e-02 3.403856605291366577e-02
3.312840312719345093e-02 3.393328189849853516e-02
3.311249241232872009e-02 3.382059186697006226e-02
3.311592340469360352e-02 3.385239094495773315e-02
3.314306586980819702e-02 3.402957320213317871e-02
3.311102092266082764e-02 3.386106342077255249e-02
3.299914300441741943e-02 3.354721888899803162e-02
3.313266113400459290e-02 3.392891585826873779e-02
3.313885256648063660e-02 3.393036127090454102e-02
3.312740847468376160e-02 3.391937911510467529e-02
3.311745822429656982e-02 3.387585282325744629e-02
3.316488862037658691e-02 3.416966646909713745e-02
3.318341821432113647e-02 3.428689390420913696e-02
3.316897898912429810e-02 3.421273455023765564e-02
3.315948694944381714e-02 3.420940414071083069e-02
3.316147625446319580e-02 3.417464345693588257e-02
3.316224366426467896e-02 3.423756361007690430e-02
3.315400332212448120e-02 3.406741842627525330e-02
3.319748118519783020e-02 3.450621291995048523e-02
3.313965722918510437e-02 3.399680927395820618e-02
3.316112607717514038e-02 3.416506946086883545e-02
3.314879536628723145e-02 3.409018740057945251e-02
3.315789625048637390e-02 3.415908291935920715e-02
3.314675390720367432e-02 3.407593443989753723e-02
3.317632898688316345e-02 3.425483033061027527e-02
3.317449241876602173e-02 3.420853987336158752e-02
3.319647908210754395e-02 3.437086939811706543e-02
3.320998325943946838e-02 3.459752723574638367e-02
3.320524469017982483e-02 3.449212014675140381e-02
3.321056813001632690e-02 3.454874455928802490e-02
3.336266800761222839e-02 3.556566685438156128e-02
3.316140919923782349e-02 3.417339175939559937e-02
3.317534178495407104e-02 3.427468985319137573e-02
3.322639688849449158e-02 3.467136621475219727e-02
3.325488045811653137e-02 3.487292677164077759e-02
3.331215307116508484e-02 3.534903377294540405e-02
3.326079994440078735e-02 3.509203717112541199e-02
3.328269347548484802e-02 3.517828136682510376e-02
3.331580013036727905e-02 3.542039170861244202e-02
3.335626795887947083e-02 3.559743985533714294e-02
3.340969607234001160e-02 3.602536767721176147e-02
3.342311084270477295e-02 3.606033325195312500e-02
3.355064243078231812e-02 3.780441731214523315e-02
3.337383270263671875e-02 3.573587536811828613e-02
3.345377370715141296e-02 3.631590679287910461e-02
3.342633694410324097e-02 3.620336577296257019e-02
3.343874588608741760e-02 3.625696152448654175e-02
3.342688828706741333e-02 3.615504875779151917e-02
3.350078314542770386e-02 3.657723590731620789e-02
3.347639739513397217e-02 3.638593852519989014e-02
3.348778933286666870e-02 3.655867278575897217e-02
3.351781517267227173e-02 3.679546713829040527e-02
3.351753950119018555e-02 3.675569593906402588e-02
3.351590409874916077e-02 3.681815788149833679e-02
3.379868716001510620e-02 3.844217956066131592e-02
3.342250362038612366e-02 3.594743832945823669e-02
3.340543806552886963e-02 3.580055758357048035e-02
3.345128521323204041e-02 3.611257299780845642e-02
3.351432830095291138e-02 3.640929982066154480e-02
3.352260962128639221e-02 3.645171970129013062e-02
3.349936753511428833e-02 3.623979166150093079e-02
3.348969295620918274e-02 3.640128299593925476e-02
3.347047418355941772e-02 3.630704060196876526e-02
3.346970677375793457e-02 3.643757849931716919e-02
3.330847993493080139e-02 3.526263311505317688e-02
3.329177945852279663e-02 3.514489904046058655e-02
3.337022289633750916e-02 3.558652102947235107e-02
3.339242935180664062e-02 3.580229729413986206e-02
3.332702815532684326e-02 3.537479415535926819e-02
3.321542590856552124e-02 3.447097912430763245e-02
3.316657990217208862e-02 3.409380465745925903e-02
3.315398097038269043e-02 3.414425626397132874e-02
3.330769017338752747e-02 3.557104244828224182e-02
3.315113857388496399e-02 3.402410820126533508e-02
3.310564532876014709e-02 3.363157436251640320e-02
3.311458602547645569e-02 3.367822989821434021e-02
3.310047090053558350e-02 3.351825103163719177e-02
3.307418525218963623e-02 3.358926624059677124e-02
3.288070112466812134e-02 3.089792467653751373e-02
3.305338695645332336e-02 3.349472582340240479e-02
3.302092477679252625e-02 3.332401067018508911e-02
3.300184383988380432e-02 3.335182368755340576e-02
3.287527710199356079e-02 3.252827003598213196e-02
3.298832848668098450e-02 3.298394754528999329e-02
3.304531052708625793e-02 3.322897851467132568e-02
3.312251344323158264e-02 3.362175822257995605e-02
3.319644182920455933e-02 3.389229625463485718e-02
3.322241082787513733e-02 3.406402096152305603e-02
3.334898129105567932e-02 3.455699235200881958e-02
3.336915746331214905e-02 3.442609682679176331e-02
3.353700786828994751e-02 3.406201675534248352e-02
3.339365124702453613e-02 3.461916744709014893e-02
3.344932571053504944e-02 3.475108742713928223e-02
3.348419070243835449e-02 3.487368300557136536e-02
3.338092193007469177e-02 3.454452753067016602e-02
3.333102539181709290e-02 3.488247096538543701e-02
3.318450227379798889e-02 3.445991873741149902e-02
3.321345895528793335e-02 3.488462418317794800e-02
3.332987055182456970e-02 3.537473455071449280e-02
3.331401944160461426e-02 3.531144186854362488e-02
3.317308425903320312e-02 3.482828661799430847e-02
3.316683322191238403e-02 3.472428396344184875e-02
3.331809490919113159e-02 3.612459823489189148e-02
3.326269984245300293e-02 3.499327600002288818e-02
3.325398266315460205e-02 3.471849486231803894e-02
3.340058773756027222e-02 3.527482971549034119e-02
3.349629417061805725e-02 3.556503728032112122e-02
3.352571278810501099e-02 3.558710962533950806e-02
3.356910124421119690e-02 3.607719764113426208e-02
3.354417532682418823e-02 3.610233590006828308e-02
3.337547183036804199e-02 3.517680987715721130e-02
3.332518413662910461e-02 3.547906503081321716e-02
3.328495472669601440e-02 3.519222885370254517e-02
3.334314748644828796e-02 3.503436967730522156e-02
3.354441002011299133e-02 3.560228645801544189e-02
3.337180241942405701e-02 3.557707369327545166e-02
3.343982994556427002e-02 3.604660183191299438e-02
3.353907912969589233e-02 3.633934631943702698e-02
3.367979079484939575e-02 3.661748394370079041e-02
3.370862826704978943e-02 3.622340783476829529e-02
3.369467705488204956e-02 3.568290546536445618e-02
3.372196108102798462e-02 3.649829328060150146e-02
3.352623805403709412e-02 3.598431497812271118e-02
3.340430185198783875e-02 3.555188328027725220e-02
3.345524519681930542e-02 3.567003086209297180e-02
3.353506699204444885e-02 3.587264567613601685e-02
3.399990499019622803e-02 3.703387081623077393e-02
3.376058861613273621e-02 3.713276237249374390e-02
3.399171680212020874e-02 3.819909319281578064e-02
3.359786048531532288e-02 3.675713390111923218e-02
3.348663076758384705e-02 3.703497722744941711e-02
3.340851888060569763e-02 3.694865852594375610e-02
3.326321020722389221e-02 3.692505508661270142e-02
3.315462172031402588e-02 3.667064756155014038e-02
3.310557827353477478e-02 3.735726699233055115e-02
3.291943296790122986e-02 3.569011390209197998e-02
3.285114094614982605e-02 3.475416079163551331e-02
3.320897370576858521e-02 3.657678142189979553e-02
3.408666327595710754e-02 4.227662086486816406e-02
3.358965367078781128e-02 3.726178035140037537e-02
3.347835317254066467e-02 3.617944195866584778e-02
3.353070095181465149e-02 3.736733645200729370e-02
3.314783051609992981e-02 3.546193987131118774e-02
3.314340859651565552e-02 3.574167191982269287e-02
3.309271112084388733e-02 3.566229343414306641e-02
3.301037847995758057e-02 3.461579233407974243e-02
3.301571682095527649e-02 3.435517102479934692e-02
3.324047476053237915e-02 3.520130738615989685e-02
3.332027047872543335e-02 3.516701608896255493e-02
3.361124917864799500e-02 3.646453469991683960e-02
3.435466438531875610e-02 3.984685987234115601e-02
3.358722850680351257e-02 3.643522039055824280e-02
3.350162878632545471e-02 3.598375245928764343e-02
3.346979990601539612e-02 3.587852418422698975e-02
3.334318101406097412e-02 3.543227538466453552e-02
3.335520997643470764e-02 3.550076484680175781e-02
3.340917825698852539e-02 3.586802631616592407e-02
3.342972323298454285e-02 3.593301400542259216e-02
3.353396058082580566e-02 3.620144352316856384e-02
3.356563299894332886e-02 3.637539222836494446e-02
3.355262801051139832e-02 3.621374070644378662e-02
3.347530961036682129e-02 3.631888702511787415e-02
3.460872173309326172e-02 4.404497891664505005e-02
3.342968598008155823e-02 3.638308122754096985e-02
3.354063630104064941e-02 3.727323561906814575e-02
3.358704969286918640e-02 3.754809871315956116e-02
3.365984186530113220e-02 3.768778964877128601e-02
3.366025164723396301e-02 3.737630322575569153e-02
3.373349830508232117e-02 3.754877299070358276e-02
3.364143520593643188e-02 3.690232336521148682e-02
3.352039679884910583e-02 3.678259998559951782e-02
3.346853703260421753e-02 3.645346313714981079e-02
3.355372324585914612e-02 3.705595806241035461e-02
3.314368799328804016e-02 3.468278795480728149e-02
3.391531854867935181e-02 3.912043944001197815e-02
3.338703885674476624e-02 3.550476953387260437e-02
3.369988128542900085e-02 3.696404397487640381e-02
3.373719379305839539e-02 3.733662143349647522e-02
3.385895863175392151e-02 3.812755644321441650e-02
3.375406563282012939e-02 3.798972070217132568e-02
3.354069218039512634e-02 3.699215129017829895e-02
3.362195938825607300e-02 3.748378530144691467e-02
3.349708393216133118e-02 3.632683306932449341e-02
3.366202116012573242e-02 3.714641556143760681e-02
3.375704213976860046e-02 3.758585080504417419e-02
3.379603102803230286e-02 3.763354569673538208e-02
3.463780879974365234e-02 4.210155084729194641e-02
3.357707336544990540e-02 3.619848191738128662e-02
3.376411274075508118e-02 3.756468370556831360e-02
3.375238925218582153e-02 3.725257143378257751e-02
3.331696987152099609e-02 3.495504334568977356e-02
3.348600864410400391e-02 3.616255521774291992e-02
3.351915627717971802e-02 3.651848435401916504e-02
3.347681462764739990e-02 3.645854070782661438e-02
3.346213698387145996e-02 3.674397617578506470e-02
3.363324329257011414e-02 3.854388743638992310e-02
3.370184078812599182e-02 3.931781277060508728e-02
3.419388830661773682e-02 4.340991377830505371e-02
3.438316285610198975e-02 4.413754492998123169e-02
3.436232730746269226e-02 4.454190656542778015e-02
3.464968875050544739e-02 4.597249999642372131e-02
3.510332852602005005e-02 4.909010976552963257e-02
3.412755206227302551e-02 3.992365300655364990e-02
3.422693535685539246e-02 4.141382873058319092e-02
3.362944722175598145e-02 3.718893229961395264e-02
3.371665999293327332e-02 3.778735548257827759e-02
3.384256362915039062e-02 3.848920017480850220e-02
3.386512771248817444e-02 3.841044008731842041e-02
3.382347151637077332e-02 3.821123763918876648e-02
3.363411128520965576e-02 3.709736838936805725e-02
3.431008383631706238e-02 4.129634052515029907e-02
3.356613963842391968e-02 3.693395107984542847e-02
3.381513059139251709e-02 3.671137243509292603e-02
3.414759784936904907e-02 4.061238467693328857e-02
3.422185778617858887e-02 4.102976247668266296e-02
3.396238014101982117e-02 3.896174207329750061e-02
3.409365192055702209e-02 3.969793021678924561e-02
3.392489627003669739e-02 3.837623074650764465e-02
3.404093161225318909e-02 3.902085497975349426e-02
3.405006229877471924e-02 3.961341083049774170e-02
3.400626033544540405e-02 3.920182958245277405e-02
3.384669870138168335e-02 3.870842605829238892e-02
3.395589068531990051e-02 3.999302536249160767e-02
3.377452120184898376e-02 3.808560222387313843e-02
3.373996913433074951e-02 3.797565773129463196e-02
3.363769501447677612e-02 3.712692484259605408e-02
3.365556523203849792e-02 3.717449307441711426e-02
3.366569429636001587e-02 3.715644404292106628e-02
3.377213701605796814e-02 3.763885051012039185e-02
3.374619781970977783e-02 3.768623247742652893e-02
3.365227952599525452e-02 3.723480552434921265e-02
3.348026052117347717e-02 3.600614145398139954e-02
3.339082002639770508e-02 3.537366911768913269e-02
3.357999771833419800e-02 3.637897595763206482e-02
3.407069668173789978e-02 3.944012150168418884e-02
3.360201790928840637e-02 3.664971515536308289e-02
3.350781276822090149e-02 3.607577830553054810e-02
3.352676704525947571e-02 3.612463921308517456e-02
3.354796394705772400e-02 3.616225719451904297e-02
3.338226675987243652e-02 3.525299951434135437e-02
3.349688276648521423e-02 3.591790422797203064e-02
3.355896845459938049e-02 3.622800111770629883e-02
3.358474746346473694e-02 3.660633787512779236e-02
3.339061886072158813e-02 3.534075990319252014e-02
3.349969163537025452e-02 3.612881898880004883e-02
3.335471823811531067e-02 3.508705273270606995e-02
3.359765931963920593e-02 3.694943711161613464e-02
3.328867256641387939e-02 3.480131179094314575e-02
3.334286436438560486e-02 3.529947623610496521e-02
3.342242166399955750e-02 3.577627614140510559e-02
3.355000168085098267e-02 3.628811612725257874e-02
3.336171805858612061e-02 3.521508350968360901e-02
3.320554643869400024e-02 3.416988626122474670e-02
3.315372020006179810e-02 3.365961834788322449e-02
3.315447643399238586e-02 3.373288363218307495e-02
3.307822346687316895e-02 3.315165266394615173e-02
3.307665884494781494e-02 3.308774530887603760e-02
3.310535848140716553e-02 3.314065933227539062e-02
3.318957239389419556e-02 3.405181318521499634e-02
3.290716558694839478e-02 3.218422830104827881e-02
3.306729346513748169e-02 3.323838859796524048e-02
3.310825675725936890e-02 3.349112346768379211e-02
3.314778208732604980e-02 3.385949507355690002e-02
3.309300541877746582e-02 3.336289152503013611e-02
3.326584026217460632e-02 3.426586464047431946e-02
3.328301012516021729e-02 3.432971611618995667e-02
3.321732580661773682e-02 3.416691720485687256e-02
3.324901685118675232e-02 3.465125709772109985e-02
3.335201367735862732e-02 3.527511656284332275e-02
3.323071449995040894e-02 3.468881547451019287e-02
3.353038057684898376e-02 3.688625618815422058e-02
3.330509737133979797e-02 3.521091118454933167e-02
3.329892829060554504e-02 3.499680757522583008e-02
3.320562094449996948e-02 3.448995575308799744e-02
3.314833343029022217e-02 3.411114588379859924e-02
3.320640325546264648e-02 3.451318293809890747e-02
3.325665369629859924e-02 3.467785567045211792e-02
3.324190154671669006e-02 3.465594723820686340e-02
3.320368006825447083e-02 3.443526104092597961e-02
3.322303295135498047e-02 3.464898467063903809e-02
3.315901383757591248e-02 3.420963138341903687e-02
3.315181285142898560e-02 3.420998528599739075e-02
3.310805931687355042e-02 3.402768447995185852e-02
3.314335644245147705e-02 3.417298942804336548e-02
3.316594287753105164e-02 3.432225808501243591e-02
3.316687047481536865e-02 3.423993289470672607e-02
3.311257436871528625e-02 3.399113193154335022e-02
3.311178088188171387e-02 3.393848612904548645e-02
3.317016363143920898e-02 3.424267843365669250e-02
3.315754234790802002e-02 3.421401605010032654e-02
3.313909843564033508e-02 3.409386053681373596e-02
3.311048820614814758e-02 3.388045355677604675e-02
3.314985334873199463e-02 3.421313688158988953e-02
3.310948237776756287e-02 3.391539305448532104e-02
3.317100554704666138e-02 3.476211801171302795e-02
3.309884294867515564e-02 3.435395285487174988e-02
3.304794430732727051e-02 3.384160622954368591e-02
3.310287743806838989e-02 3.408642113208770752e-02
3.312323614954948425e-02 3.416794165968894958e-02
3.310705348849296570e-02 3.387382254004478455e-02
3.317167609930038452e-02 3.421441838145256042e-02
3.312078863382339478e-02 3.394078835844993591e-02
3.310796618461608887e-02 3.378535062074661255e-02
3.309570625424385071e-02 3.372591733932495117e-02
3.308366984128952026e-02 3.371080383658409119e-02
3.310379385948181152e-02 3.384609520435333252e-02
3.312804922461509705e-02 3.394151479005813599e-02
3.314597532153129578e-02 3.407664969563484192e-02
3.318308293819427490e-02 3.423162177205085754e-02
3.314401209354400635e-02 3.397144377231597900e-02
3.316541761159896851e-02 3.408278524875640869e-02
3.314337134361267090e-02 3.411269560456275940e-02
3.307726234197616577e-02 3.379234671592712402e-02
3.310793265700340271e-02 3.395181894302368164e-02
3.312006592750549316e-02 3.402046859264373779e-02
3.313380107283592224e-02 3.411824256181716919e-02
3.313269838690757751e-02 3.415990620851516724e-02
3.313996270298957825e-02 3.420194238424301147e-02
3.322727605700492859e-02 3.468380868434906006e-02
3.313290700316429138e-02 3.414435684680938721e-02
3.311207890510559082e-02 3.410739079117774963e-02
3.312886506319046021e-02 3.415470570325851440e-02
3.316460922360420227e-02 3.431649878621101379e-02
3.314973786473274231e-02 3.408388793468475342e-02
3.316663578152656555e-02 3.412089496850967407e-02
3.316827863454818726e-02 3.406592085957527161e-02
3.322130441665649414e-02 3.431049361824989319e-02
3.324747458100318909e-02 3.453426435589790344e-02
3.321983665227890015e-02 3.429884836077690125e-02
3.322375938296318054e-02 3.449542075395584106e-02
3.328699618577957153e-02 3.464180976152420044e-02
3.317862376570701599e-02 3.424664959311485291e-02
3.325619548559188843e-02 3.482668101787567139e-02
3.331845626235008240e-02 3.521253168582916260e-02
3.334060311317443848e-02 3.540663793683052063e-02
3.339799493551254272e-02 3.571782633662223816e-02
3.331462293863296509e-02 3.541739657521247864e-02
3.339011594653129578e-02 3.619310632348060608e-02
3.352406993508338928e-02 3.711504489183425903e-02
3.362865000963211060e-02 3.792138770222663879e-02
3.370386362075805664e-02 3.797377645969390869e-02
3.386380895972251892e-02 3.914763405919075012e-02
3.504012525081634521e-02 4.743757098913192749e-02
3.417974710464477539e-02 4.114900901913642883e-02
3.441120311617851257e-02 4.321419820189476013e-02
3.448384255170822144e-02 4.364070296287536621e-02
3.473467007279396057e-02 4.560417681932449341e-02
3.475615382194519043e-02 4.612958058714866638e-02
3.487779572606086731e-02 4.680432379245758057e-02
3.510522842407226562e-02 4.845694452524185181e-02
3.540595620870590210e-02 5.012836679816246033e-02
3.565633296966552734e-02 5.167420953512191772e-02
3.607100993394851685e-02 5.464662611484527588e-02
3.617284819483757019e-02 5.538485199213027954e-02
3.762046620249748230e-02 6.743185222148895264e-02
3.621209412813186646e-02 5.759121105074882507e-02
3.645902127027511597e-02 6.080636382102966309e-02
3.634995222091674805e-02 6.080786138772964478e-02
3.632618114352226257e-02 6.021890789270401001e-02
3.624524921178817749e-02 5.928964167833328247e-02
3.649802878499031067e-02 6.089433655142784119e-02
3.686219826340675354e-02 6.419547647237777710e-02
3.698368370532989502e-02 6.526167690753936768e-02
3.732527792453765869e-02 6.728476285934448242e-02
3.756157681345939636e-02 6.869540363550186157e-02
3.769245743751525879e-02 6.872940808534622192e-02
3.989770635962486267e-02 8.435967564582824707e-02
3.888516128063201904e-02 7.606322318315505981e-02
3.925701975822448730e-02 7.827916741371154785e-02
4.048074781894683838e-02 8.661643415689468384e-02
4.097474738955497742e-02 8.908627927303314209e-02
4.123496264219284058e-02 9.086881577968597412e-02
4.142383486032485962e-02 9.178638458251953125e-02
4.137046262621879578e-02 9.151789546012878418e-02
4.145148769021034241e-02 9.095076471567153931e-02
4.148374125361442566e-02 9.107885509729385376e-02
4.153634980320930481e-02 9.145011007785797119e-02
4.168558493256568909e-02 9.329843521118164062e-02
4.199627786874771118e-02 9.631516039371490479e-02
4.119420424103736877e-02 9.130105376243591309e-02
4.157769680023193359e-02 9.374861419200897217e-02
4.170072823762893677e-02 9.447350353002548218e-02
4.148649424314498901e-02 9.235920011997222900e-02
4.152359813451766968e-02 9.192819893360137939e-02
4.077110439538955688e-02 8.714964985847473145e-02
4.117112979292869568e-02 9.081355482339859009e-02
4.138244688510894775e-02 9.267798066139221191e-02
4.172360524535179138e-02 9.539759159088134766e-02
4.171251878142356873e-02 9.487735480070114136e-02
4.287191852927207947e-02 1.026792526245117188e-01
4.449561983346939087e-02 1.146253347396850586e-01
4.217267036437988281e-02 9.716582298278808594e-02
4.180184006690979004e-02 9.496942162513732910e-02
4.176094755530357361e-02 9.411559998989105225e-02
4.193288087844848633e-02 9.433674812316894531e-02
4.195397347211837769e-02 9.360653907060623169e-02
4.284239560365676880e-02 9.952792525291442871e-02
4.170269146561622620e-02 9.157909452915191650e-02
4.171892255544662476e-02 9.161141514778137207e-02
4.141991212964057922e-02 8.942571282386779785e-02
4.104261100292205811e-02 8.750470727682113647e-02
4.070652648806571960e-02 8.537168800830841064e-02
4.304657503962516785e-02 1.042339354753494263e-01
4.015907645225524902e-02 8.287055790424346924e-02
3.962603583931922913e-02 7.947865128517150879e-02
3.936380520462989807e-02 7.781395316123962402e-02
3.905288130044937134e-02 7.554927468299865723e-02
3.901226818561553955e-02 7.494319975376129150e-02
3.831415995955467224e-02 7.015889883041381836e-02
3.789846971631050110e-02 6.718963384628295898e-02
3.740603849291801453e-02 6.348426640033721924e-02
3.698949515819549561e-02 6.094845384359359741e-02
3.702917695045471191e-02 6.050579249858856201e-02
3.693652153015136719e-02 5.958106368780136108e-02
3.858125209808349609e-02 7.104209065437316895e-02
3.641717880964279175e-02 5.552168190479278564e-02
3.655780851840972900e-02 5.602455139160156250e-02
3.634176403284072876e-02 5.473069101572036743e-02
3.616659715771675110e-02 5.370450764894485474e-02
3.608962148427963257e-02 5.308370664715766907e-02
3.547875210642814636e-02 4.917970299720764160e-02
3.537042811512947083e-02 4.869491234421730042e-02
3.507574275135993958e-02 4.699701070785522461e-02
3.484705463051795959e-02 4.543232545256614685e-02
3.472410514950752258e-02 4.444445669651031494e-02
3.461140394210815430e-02 4.344716668128967285e-02
3.511856496334075928e-02 4.623090848326683044e-02
3.445179387927055359e-02 4.179710149765014648e-02
3.450056165456771851e-02 4.241287335753440857e-02
3.424651548266410828e-02 4.105935245752334595e-02
3.396457806229591370e-02 3.928852081298828125e-02
3.419701382517814636e-02 4.062900319695472717e-02
3.422048315405845642e-02 4.071709886193275452e-02
3.429622948169708252e-02 4.130215197801589966e-02
3.413240984082221985e-02 3.977840021252632141e-02
3.423339873552322388e-02 4.028181359171867371e-02
3.425522148609161377e-02 4.030019044876098633e-02
3.401758894324302673e-02 3.884486109018325806e-02
3.469879552721977234e-02 4.234985634684562683e-02
3.441987559199333191e-02 4.151253402233123779e-02
3.442130610346794128e-02 4.154421016573905945e-02
3.396430611610412598e-02 3.865103423595428467e-02
3.378929197788238525e-02 3.764919564127922058e-02
3.359365463256835938e-02 3.653883934020996094e-02
3.382822871208190918e-02 3.857840970158576965e-02
3.376074880361557007e-02 3.834610432386398315e-02
3.415478020906448364e-02 4.135452955961227417e-02
3.415171429514884949e-02 4.091532528400421143e-02
3.389561921358108521e-02 3.842827677726745605e-02
3.383804857730865479e-02 3.852439671754837036e-02
3.584317862987518311e-02 5.155324563384056091e-02
3.397485986351966858e-02 3.961636126041412354e-02
3.403919562697410583e-02 3.995804488658905029e-02
3.412228077650070190e-02 4.084341973066329956e-02
3.417511284351348877e-02 4.091960564255714417e-02
3.434934467077255249e-02 4.191002249717712402e-02
3.375229239463806152e-02 3.774291649460792542e-02
3.369098529219627380e-02 3.746062889695167542e-02
3.374794125556945801e-02 3.804435953497886658e-02
3.399836272001266479e-02 3.939086943864822388e-02
3.400311991572380066e-02 3.971618786454200745e-02
3.467403352260589600e-02 4.477410763502120972e-02
nan nan
