3.296781703829765320e-02 3.075142949819564819e-02
3.286054357886314392e-02 2.766991779208183289e-02
3.255411610007286072e-02 2.991202101111412048e-02
3.275069594383239746e-02 3.064110502600669861e-02
3.264429792761802673e-02 3.026883304119110107e-02
3.252450376749038696e-02 3.061704151332378387e-02
3.264539316296577454e-02 3.037831187248229980e-02
3.257345780730247498e-02 3.053839132189750671e-02
3.282903134822845459e-02 3.197065368294715881e-02
3.282513096928596497e-02 3.183601424098014832e-02
3.288868442177772522e-02 3.179956227540969849e-02
3.285127505660057068e-02 3.102035447955131531e-02
3.289876878261566162e-02 3.143364563584327698e-02
3.273809701204299927e-02 3.095972165465354919e-02
3.276693820953369141e-02 3.108846209943294525e-02
3.266848996281623840e-02 3.086095862090587616e-02
3.275652229785919189e-02 3.116425871849060059e-02
3.277126327157020569e-02 3.099605999886989594e-02
3.277775645256042480e-02 3.091850876808166504e-02
3.275748714804649353e-02 3.093991987407207489e-02
3.266529366374015808e-02 3.044288977980613708e-02
3.264136984944343567e-02 3.027872182428836823e-02
3.272448107600212097e-02 3.081165626645088196e-02
3.281256556510925293e-02 3.015254065394401550e-02
3.280958533287048340e-02 3.162223845720291138e-02
3.285396471619606018e-02 3.163515403866767883e-02
3.285000100731849670e-02 3.193988651037216187e-02
3.286144882440567017e-02 3.184232860803604126e-02
3.293510153889656067e-02 3.241329267621040344e-02
3.283783048391342163e-02 3.169008344411849976e-02
3.291950747370719910e-02 3.227527812123298645e-02
3.297277539968490601e-02 3.257515653967857361e-02
3.300030902028083801e-02 3.278252482414245605e-02
3.297017514705657959e-02 3.276430070400238037e-02
3.298415988683700562e-02 3.268078342080116272e-02
3.276395425200462341e-02 3.074357286095619202e-02
3.288247063755989075e-02 3.220686316490173340e-02
3.289285674691200256e-02 3.201635181903839111e-02
3.288945928215980530e-02 3.239420801401138306e-02
3.300591185688972473e-02 3.262383118271827698e-02
3.296846523880958557e-02 3.276067227125167847e-02
3.303710743784904480e-02 3.303147107362747192e-02
3.288937732577323914e-02 3.242604807019233704e-02
3.289662674069404602e-02 3.247042000293731689e-02
3.291086480021476746e-02 3.256778419017791748e-02
3.292264416813850403e-02 3.254664689302444458e-02
3.299762308597564697e-02 3.270803391933441162e-02
3.293008729815483093e-02 3.094229660928249359e-02
3.290307521820068359e-02 3.224847465753555298e-02
3.289766982197761536e-02 3.222388774156570435e-02
3.288336470723152161e-02 3.207695484161376953e-02
3.286134451627731323e-02 3.188522532582283020e-02
3.288541361689567566e-02 3.199748694896697998e-02
3.299511224031448364e-02 3.225916996598243713e-02
3.284782171249389648e-02 3.150671720504760742e-02
3.279351070523262024e-02 3.124672360718250275e-02
3.288735821843147278e-02 3.189033642411231995e-02
3.288666531443595886e-02 3.202557936310768127e-02
3.283127024769783020e-02 3.189222887158393860e-02
3.226060420274734497e-02 2.611147426068782806e-02
3.283827379345893860e-02 3.181129321455955505e-02
3.281097486615180969e-02 3.182937577366828918e-02
3.272069618105888367e-02 3.136700019240379333e-02
3.279561176896095276e-02 3.175656870007514954e-02
3.276867419481277466e-02 3.142918646335601807e-02
3.275803104043006897e-02 3.147195652127265930e-02
3.273794054985046387e-02 3.130980581045150757e-02
3.266112133860588074e-02 3.088374994695186615e-02
3.293624892830848694e-02 3.234348073601722717e-02
3.296223282814025879e-02 3.239287808537483215e-02
3.295166045427322388e-02 3.231229633092880249e-02
3.260588645935058594e-02 2.805304154753684998e-02
3.286888450384140015e-02 3.177086636424064636e-02
3.289872035384178162e-02 3.176108002662658691e-02
3.280712664127349854e-02 3.111900947988033295e-02
3.285835683345794678e-02 3.137854114174842834e-02
3.286656737327575684e-02 3.184657916426658630e-02
3.281851857900619507e-02 3.137287497520446777e-02
3.277957066893577576e-02 3.111318871378898621e-02
3.300597891211509705e-02 3.290864825248718262e-02
3.294772282242774963e-02 3.258570283651351929e-02
3.301304206252098083e-02 3.277759626507759094e-02
3.293779864907264709e-02 3.258199617266654968e-02
3.293457999825477600e-02 3.262291848659515381e-02
3.305010125041007996e-02 3.404422476887702942e-02
3.300964459776878357e-02 3.310943022370338440e-02
3.270459547638893127e-02 3.157591819763183594e-02
3.293327242136001587e-02 3.235722333192825317e-02
3.295552730560302734e-02 3.291436657309532166e-02
3.283977136015892029e-02 3.287235647439956665e-02
3.272662684321403503e-02 3.235091641545295715e-02
3.244884684681892395e-02 3.119065426290035248e-02
3.279105573892593384e-02 3.251008689403533936e-02
3.278737887740135193e-02 3.209734335541725159e-02
3.267410025000572205e-02 3.149135038256645203e-02
3.265305608510971069e-02 2.998868562281131744e-02
3.289736807346343994e-02 3.361080959439277649e-02
3.316581249237060547e-02 3.469921275973320007e-02
3.344815969467163086e-02 3.714764118194580078e-02
3.258110210299491882e-02 3.121291659772396088e-02
3.319241106510162354e-02 3.392563760280609131e-02
3.303413093090057373e-02 3.327110037207603455e-02
3.295360505580902100e-02 3.321334719657897949e-02
3.284069895744323730e-02 3.280458226799964905e-02
3.309996798634529114e-02 3.389251604676246643e-02
3.276129812002182007e-02 3.298798948526382446e-02
3.324814140796661377e-02 3.399984538555145264e-02
3.288378566503524780e-02 3.571348264813423157e-02
3.311631083488464355e-02 3.339445218443870544e-02
3.313204646110534668e-02 3.341654315590858459e-02
3.294210135936737061e-02 3.273975476622581482e-02
3.311575204133987427e-02 3.344025835394859314e-02
3.302953392267227173e-02 3.311108797788619995e-02
3.304776176810264587e-02 3.313997760415077209e-02
3.301146253943443298e-02 3.287476673722267151e-02
3.298004716634750366e-02 3.288466483354568481e-02
3.294905647635459900e-02 3.247603029012680054e-02
3.295859321951866150e-02 3.273082524538040161e-02
3.290593624114990234e-02 3.210141137242317200e-02
3.269081190228462219e-02 2.997103706002235413e-02
3.285406902432441711e-02 3.182864934206008911e-02
3.288065269589424133e-02 3.192958980798721313e-02
3.279121220111846924e-02 3.146690502762794495e-02
3.282499313354492188e-02 3.147135302424430847e-02
3.272940218448638916e-02 3.116694465279579163e-02
3.281658887863159180e-02 3.141204640269279480e-02
3.286256268620491028e-02 3.166596218943595886e-02
3.276319056749343872e-02 3.104603104293346405e-02
3.275360912084579468e-02 3.104714490473270416e-02
3.271104767918586731e-02 3.078614547848701477e-02
3.275030478835105896e-02 3.103311546146869659e-02
3.267202898859977722e-02 2.916110493242740631e-02
3.275172039866447449e-02 3.135799244046211243e-02
3.271010145545005798e-02 3.139096125960350037e-02
3.276683762669563293e-02 3.198010474443435669e-02
3.288423642516136169e-02 3.246892243623733521e-02
3.292502462863922119e-02 3.237963840365409851e-02
3.295759856700897217e-02 3.249756619334220886e-02
3.294296935200691223e-02 3.232570737600326538e-02
3.291055932641029358e-02 3.210347518324851990e-02
3.295606002211570740e-02 3.252203017473220825e-02
3.296092897653579712e-02 3.247259557247161865e-02
3.279435262084007263e-02 3.165203332901000977e-02
3.293065726757049561e-02 3.027279861271381378e-02
3.273884952068328857e-02 3.141950815916061401e-02
3.276207298040390015e-02 3.102028183639049530e-02
3.274911269545555115e-02 3.094151243567466736e-02
3.267031535506248474e-02 3.024856187403202057e-02
3.266417980194091797e-02 3.066826052963733673e-02
3.273752331733703613e-02 3.102263249456882477e-02
3.270069882273674011e-02 3.037776052951812744e-02
3.260119631886482239e-02 3.016991540789604187e-02
3.268747404217720032e-02 3.038611076772212982e-02
3.247907012701034546e-02 2.920304983854293823e-02
3.247246146202087402e-02 2.938077226281166077e-02
3.188970312476158142e-02 2.440550550818443298e-02
3.259918466210365295e-02 2.957016602158546448e-02
3.255029767751693726e-02 2.903166040778160095e-02
3.246825188398361206e-02 2.851616591215133667e-02
3.251556307077407837e-02 2.884391322731971741e-02
3.244788199663162231e-02 2.809725143015384674e-02
3.234993293881416321e-02 2.836930565536022186e-02
3.232260420918464661e-02 2.832216024398803711e-02
3.253230452537536621e-02 2.993868663907051086e-02
3.262072429060935974e-02 3.001912683248519897e-02
3.269303962588310242e-02 3.018732741475105286e-02
3.288125991821289062e-02 3.132239729166030884e-02
3.191522508859634399e-02 2.314742468297481537e-02
3.262886404991149902e-02 3.020364791154861450e-02
3.268496319651603699e-02 3.052201494574546814e-02
3.259086981415748596e-02 2.988062798976898193e-02
3.259989619255065918e-02 2.964579313993453979e-02
3.267617896199226379e-02 3.071896359324455261e-02
3.262828290462493896e-02 3.020334802567958832e-02
3.253066539764404297e-02 2.985927276313304901e-02
3.262770175933837891e-02 3.027381747961044312e-02
3.254836052656173706e-02 2.961016073822975159e-02
3.252786397933959961e-02 2.926927804946899414e-02
3.251297771930694580e-02 2.934815920889377594e-02
3.162869065999984741e-02 2.262108586728572845e-02
3.232889622449874878e-02 2.787125855684280396e-02
3.243800252676010132e-02 2.828950062394142151e-02
3.258828818798065186e-02 2.907978184521198273e-02
3.243824467062950134e-02 2.842198498547077179e-02
3.247948363423347473e-02 2.861429564654827118e-02
3.249133750796318054e-02 2.906996943056583405e-02
3.246984258294105530e-02 2.873787283897399902e-02
3.239836916327476501e-02 2.845663577318191528e-02
3.236314281821250916e-02 2.772571891546249390e-02
3.241157159209251404e-02 2.816972136497497559e-02
3.252076730132102966e-02 2.883596345782279968e-02
3.165165707468986511e-02 2.077511698007583618e-02
3.242060914635658264e-02 2.883372083306312561e-02
3.227964788675308228e-02 2.824720554053783417e-02
3.218061476945877075e-02 2.741918340325355530e-02
3.208404779434204102e-02 2.630933560431003571e-02
3.214799612760543823e-02 2.630364149808883667e-02
3.213495016098022461e-02 2.624390460550785065e-02
3.198865801095962524e-02 2.531525865197181702e-02
3.197465837001800537e-02 2.545340359210968018e-02
3.191992267966270447e-02 2.500522136688232422e-02
3.202335163950920105e-02 2.555125951766967773e-02
3.203805163502693176e-02 2.565534040331840515e-02
3.119897842407226562e-02 1.804399117827415466e-02
3.200143948197364807e-02 2.526586316525936127e-02
3.207880631089210510e-02 2.627091482281684875e-02
3.201662749052047729e-02 2.540489286184310913e-02
3.217824548482894897e-02 2.640591189265251160e-02
3.223778679966926575e-02 2.693779207766056061e-02
3.228348121047019958e-02 2.739031612873077393e-02
3.211227431893348694e-02 2.665237337350845337e-02
3.212285786867141724e-02 2.631440572440624237e-02
3.198179230093955994e-02 2.625100687146186829e-02
3.223623335361480713e-02 2.708353847265243530e-02
3.182345256209373474e-02 2.435135282576084137e-02
3.097680769860744476e-02 1.632571034133434296e-02
3.207884356379508972e-02 2.664890326559543610e-02
3.218792378902435303e-02 2.695811539888381958e-02
3.192679584026336670e-02 2.563425153493881226e-02
3.206037729978561401e-02 2.634182758629322052e-02
3.240659087896347046e-02 2.767718024551868439e-02
3.237866982817649841e-02 2.750695496797561646e-02
3.232587128877639771e-02 2.691343240439891815e-02
3.232675418257713318e-02 2.488112077116966248e-02
3.230178356170654297e-02 2.705972455441951752e-02
3.241048753261566162e-02 2.831333130598068237e-02
3.264346718788146973e-02 2.951551973819732666e-02
3.237792477011680603e-02 2.617963775992393494e-02
3.236160799860954285e-02 2.877643331885337830e-02
3.260028362274169922e-02 3.095930442214012146e-02
3.348550572991371155e-02 3.839325159788131714e-02
3.238417580723762512e-02 2.896780893206596375e-02
3.373803570866584778e-02 3.594399243593215942e-02
3.268922120332717896e-02 3.132754936814308167e-02
3.267550095915794373e-02 3.141209110617637634e-02
3.267793729901313782e-02 3.069022670388221741e-02
3.257447853684425354e-02 3.086440637707710266e-02
3.276125714182853699e-02 3.096998855471611023e-02
3.275812789797782898e-02 3.083156421780586243e-02
3.238303214311599731e-02 2.713156491518020630e-02
3.288232535123825073e-02 3.165534883737564087e-02
3.297280520200729370e-02 3.228621929883956909e-02
3.291483223438262939e-02 3.225170448422431946e-02
3.336317092180252075e-02 3.616832941770553589e-02
3.326622024178504944e-02 3.670333325862884521e-02
3.305708989500999451e-02 3.758732974529266357e-02
3.139652684330940247e-02 2.411557361483573914e-02
3.298985958099365234e-02 3.353263065218925476e-02
3.284601122140884399e-02 3.389039263129234314e-02
3.294775635004043579e-02 3.451691940426826477e-02
3.262025490403175354e-02 3.191963955760002136e-02
3.340857848525047302e-02 3.642005100846290588e-02
3.280604258179664612e-02 3.169275820255279541e-02
3.281795606017112732e-02 3.166038542985916138e-02
3.282103314995765686e-02 3.147948905825614929e-02
3.292144089937210083e-02 3.172039985656738281e-02
3.287697955965995789e-02 3.216677159070968628e-02
3.309533745050430298e-02 3.359053283929824829e-02
3.300746157765388489e-02 3.324460983276367188e-02
3.298437595367431641e-02 3.316925838589668274e-02
3.297206759452819824e-02 3.273428604006767273e-02
3.282361105084419250e-02 3.241475671529769897e-02
3.301588073372840881e-02 3.317624330520629883e-02
3.299480304121971130e-02 3.202876821160316467e-02
3.303397819399833679e-02 3.330475091934204102e-02
3.295328095555305481e-02 3.207286447286605835e-02
3.286942094564437866e-02 3.155056759715080261e-02
3.289390355348587036e-02 3.167514875531196594e-02
3.272858262062072754e-02 3.044710122048854828e-02
3.259902447462081909e-02 2.956611104309558868e-02
3.241840377449989319e-02 2.881805412471294403e-02
3.254045546054840088e-02 2.929547987878322601e-02
3.280441462993621826e-02 3.142307326197624207e-02
3.299743309617042542e-02 3.332845494151115417e-02
3.264270350337028503e-02 3.190846741199493408e-02
3.184345737099647522e-02 2.634112536907196045e-02
3.257685899734497070e-02 3.245677798986434937e-02
3.211348131299018860e-02 2.966818772256374359e-02
3.252707049250602722e-02 3.193976357579231262e-02
3.246255964040756226e-02 3.127262741327285767e-02
3.249808773398399353e-02 3.193239495158195496e-02
3.301310539245605469e-02 3.471468389034271240e-02
3.186811506748199463e-02 2.868501469492912292e-02
3.240856900811195374e-02 3.400899097323417664e-02
3.202921524643898010e-02 2.719665691256523132e-02
3.238811716437339783e-02 3.108869679272174835e-02
3.154150769114494324e-02 2.639563754200935364e-02
3.060276061296463013e-02 1.795517280697822571e-02
3.210329264402389526e-02 2.685817331075668335e-02
3.174793720245361328e-02 2.510564774274826050e-02
3.195779025554656982e-02 2.636058442294597626e-02
3.245152905583381653e-02 2.891832590103149414e-02
3.250017389655113220e-02 2.904321998357772827e-02
3.258843347430229187e-02 2.927844598889350891e-02
3.257951512932777405e-02 2.983230724930763245e-02
3.278041630983352661e-02 3.070188872516155243e-02
3.282576426863670349e-02 3.126068413257598877e-02
3.278905898332595825e-02 3.176801279187202454e-02
3.259176015853881836e-02 3.039965778589248657e-02
3.201206028461456299e-02 2.624218910932540894e-02
3.272736445069313049e-02 3.163797780871391296e-02
3.269066661596298218e-02 3.123414516448974609e-02
3.273060545325279236e-02 3.072614781558513641e-02
3.266331180930137634e-02 3.081663511693477631e-02
3.283234685659408569e-02 3.151197731494903564e-02
3.276161104440689087e-02 3.139665722846984863e-02
3.295120969414710999e-02 3.249868005514144897e-02
3.307171911001205444e-02 3.345917910337448120e-02
3.307836502790451050e-02 3.317669034004211426e-02
3.319066390395164490e-02 3.444383665919303894e-02
3.332198038697242737e-02 3.423422574996948242e-02
3.362653404474258423e-02 3.737420588731765747e-02
3.303001075983047485e-02 3.361976891756057739e-02
3.329719230532646179e-02 3.573181107640266418e-02
3.257544338703155518e-02 3.246388584375381470e-02
3.291012346744537354e-02 3.487754240632057190e-02
3.259634226560592651e-02 3.206816315650939941e-02
3.302074596285820007e-02 3.400493413209915161e-02
3.295689448714256287e-02 3.375090286135673523e-02
3.300833702087402344e-02 3.322499990463256836e-02
3.299248591065406799e-02 3.309682011604309082e-02
3.290592506527900696e-02 3.311727568507194519e-02
3.259157389402389526e-02 3.059415519237518311e-02
3.221488744020462036e-02 2.861998043954372406e-02
3.210089355707168579e-02 2.848432399332523346e-02
3.152093663811683655e-02 2.434466779232025146e-02
3.246515244245529175e-02 2.897642925381660461e-02
3.230284154415130615e-02 2.919717691838741302e-02
3.274158760905265808e-02 3.205372393131256104e-02
3.299848735332489014e-02 3.282156959176063538e-02
3.296974301338195801e-02 3.243222087621688843e-02
3.316898271441459656e-02 3.325995802879333496e-02
3.295059502124786377e-02 3.214716538786888123e-02
3.289571776986122131e-02 3.247696161270141602e-02
3.289625793695449829e-02 3.214477747678756714e-02
3.263719752430915833e-02 2.964044176042079926e-02
3.294267877936363220e-02 3.259515017271041870e-02
3.296691179275512695e-02 3.256658837199211121e-02
3.299770876765251160e-02 3.262580558657646179e-02
3.294958919286727905e-02 3.220450878143310547e-02
3.301752358675003052e-02 3.281311318278312683e-02
3.274565190076828003e-02 3.164149075746536255e-02
3.267709910869598389e-02 3.208998590707778931e-02
3.270503133535385132e-02 3.158593922853469849e-02
3.264182060956954956e-02 3.193274512887001038e-02
3.289696201682090759e-02 3.230676800012588501e-02
3.269026055932044983e-02 3.057587705552577972e-02
3.325963020324707031e-02 2.920010872185230255e-02
3.284488990902900696e-02 3.026073239743709564e-02
3.327190876007080078e-02 3.372934088110923767e-02
3.277054429054260254e-02 3.248754516243934631e-02
3.283655643463134766e-02 3.244667127728462219e-02
3.246201574802398682e-02 3.206381201744079590e-02
3.304914757609367371e-02 3.467416018247604370e-02
3.307900950312614441e-02 3.365314006805419922e-02
3.290238976478576660e-02 3.174144774675369263e-02
3.288983553647994995e-02 3.050306253135204315e-02
3.312142938375473022e-02 3.263770043849945068e-02
3.280175477266311646e-02 3.101432695984840393e-02
3.217403963208198547e-02 2.757865563035011292e-02
3.295328095555305481e-02 3.284341469407081604e-02
3.275571390986442566e-02 3.183870762586593628e-02
3.278736397624015808e-02 3.131888061761856079e-02
3.297192603349685669e-02 3.265863656997680664e-02
3.291346132755279541e-02 3.162532672286033630e-02
3.252473101019859314e-02 2.979991212487220764e-02
3.238618746399879456e-02 2.945741266012191772e-02
3.283934667706489563e-02 3.121271170675754547e-02
3.221727535128593445e-02 2.747020125389099121e-02
3.239791840314865112e-02 2.885453402996063232e-02
3.247266262769699097e-02 2.898246608674526215e-02
3.188660740852355957e-02 2.446173503994941711e-02
3.243994712829589844e-02 2.938139811158180237e-02
3.242459148168563843e-02 2.903320826590061188e-02
3.216610476374626160e-02 2.747758664190769196e-02
3.229958936572074890e-02 2.816515415906906128e-02
3.225269168615341187e-02 2.775737643241882324e-02
3.221706673502922058e-02 2.755862846970558167e-02
3.231693059206008911e-02 2.827116101980209351e-02
3.235117718577384949e-02 2.839034236967563629e-02
3.237362951040267944e-02 2.838631346821784973e-02
3.239894285798072815e-02 2.876318246126174927e-02
3.240073472261428833e-02 2.874168008565902710e-02
3.182947635650634766e-02 2.635666914284229279e-02
3.235796838998794556e-02 2.848026901483535767e-02
3.242411836981773376e-02 3.061637841165065765e-02
3.243433311581611633e-02 2.968521974980831146e-02
3.226890414953231812e-02 3.046357631683349609e-02
3.270730376243591309e-02 3.231331333518028259e-02
3.182850778102874756e-02 2.725565806031227112e-02
3.202093392610549927e-02 2.876117452979087830e-02
3.167160600423812866e-02 2.574947476387023926e-02
3.204710409045219421e-02 2.815531939268112183e-02
3.202195465564727783e-02 2.789433673024177551e-02
3.244099020957946777e-02 2.894659526646137238e-02
3.243028372526168823e-02 2.904652431607246399e-02
3.276499360799789429e-02 3.099783137440681458e-02
3.287682682275772095e-02 3.192456066608428955e-02
3.276544809341430664e-02 3.177364170551300049e-02
3.297183662652969360e-02 3.347458690404891968e-02
3.295504674315452576e-02 3.349094092845916748e-02
3.304693102836608887e-02 3.459568694233894348e-02
3.319784253835678101e-02 3.611002489924430847e-02
3.282332047820091248e-02 3.278154134750366211e-02
3.287099301815032959e-02 3.315410390496253967e-02
3.296362608671188354e-02 3.367393091320991516e-02
3.293999657034873962e-02 3.410773351788520813e-02
3.257802873849868774e-02 3.177802264690399170e-02
3.301266208291053772e-02 3.396023064851760864e-02
3.307611867785453796e-02 3.451551124453544617e-02
3.300736099481582642e-02 3.395258262753486633e-02
3.289822489023208618e-02 3.352924808859825134e-02
3.295258805155754089e-02 3.385140746831893921e-02
3.298149257898330688e-02 3.405556455254554749e-02
3.304142877459526062e-02 3.394608572125434875e-02
3.299597650766372681e-02 3.363689407706260681e-02
3.299086168408393860e-02 3.363522887229919434e-02
3.305362164974212646e-02 3.389743715524673462e-02
3.321462869644165039e-02 3.543851897120475769e-02
3.309596702456474304e-02 3.599493578076362610e-02
3.313680738210678101e-02 3.396843001246452332e-02
3.309481963515281677e-02 3.418057411909103394e-02
3.318012505769729614e-02 3.453456237912178040e-02
3.309587761759757996e-02 3.403259068727493286e-02
3.296868130564689636e-02 3.343625739216804504e-02
3.298019245266914368e-02 3.325513377785682678e-02
3.291948139667510986e-02 3.295841440558433533e-02
3.297789767384529114e-02 3.363797441124916077e-02
3.299623355269432068e-02 3.371238708496093750e-02
3.290664777159690857e-02 3.318389132618904114e-02
3.280533477663993835e-02 3.227015212178230286e-02
3.276377171277999878e-02 3.194635361433029175e-02
3.293404355645179749e-02 3.337704017758369446e-02
3.287528455257415771e-02 3.309320285916328430e-02
3.285092860460281372e-02 3.302922472357749939e-02
3.284416347742080688e-02 3.286268934607505798e-02
3.281641751527786255e-02 3.270066156983375549e-02
3.293658047914505005e-02 3.303857147693634033e-02
3.289579227566719055e-02 3.296473622322082520e-02
3.299551457166671753e-02 3.300662711262702942e-02
3.294643014669418335e-02 3.332732245326042175e-02
3.301659971475601196e-02 3.384156525135040283e-02
3.286799043416976929e-02 3.320537880063056946e-02
3.309812769293785095e-02 3.418071568012237549e-02
3.296063467860221863e-02 3.365559875965118408e-02
3.304078057408332825e-02 3.361168876290321350e-02
3.296417370438575745e-02 3.320230543613433838e-02
3.305384516716003418e-02 3.395073115825653076e-02
3.275051340460777283e-02 3.193045407533645630e-02
3.296346962451934814e-02 3.324657306075096130e-02
3.308414667844772339e-02 3.409587591886520386e-02
3.305863961577415466e-02 3.372771665453910828e-02
3.305803611874580383e-02 3.395392745733261108e-02
3.301813825964927673e-02 3.402277827262878418e-02
3.286186978220939636e-02 3.270951658487319946e-02
3.292858600616455078e-02 3.340965881943702698e-02
3.316447883844375610e-02 3.475229814648628235e-02
3.322279825806617737e-02 3.473497554659843445e-02
3.315813466906547546e-02 3.452717140316963196e-02
3.317482769489288330e-02 3.490343689918518066e-02
3.294868767261505127e-02 3.310394287109375000e-02
3.308168798685073853e-02 3.408779576420783997e-02
3.315944597125053406e-02 3.470966219902038574e-02
3.312248736619949341e-02 3.396048024296760559e-02
3.319677338004112244e-02 3.475252538919448853e-02
3.323948755860328674e-02 3.494558110833168030e-02
3.311257436871528625e-02 3.400953859090805054e-02
3.298200294375419617e-02 3.353855386376380920e-02
3.326205909252166748e-02 3.500923514366149902e-02
3.318133950233459473e-02 3.422089666128158569e-02
3.318647667765617371e-02 3.466133028268814087e-02
3.314685076475143433e-02 3.450124338269233704e-02
3.311559185385704041e-02 3.390243276953697205e-02
3.319125249981880188e-02 3.452290967106819153e-02
3.320187330245971680e-02 3.462076559662818909e-02
3.306329995393753052e-02 3.333637863397598267e-02
3.317526727914810181e-02 3.424246609210968018e-02
3.310472145676612854e-02 3.393059223890304565e-02
3.308087214827537537e-02 3.279305994510650635e-02
3.304584324359893799e-02 3.359169885516166687e-02
3.314073383808135986e-02 3.404621407389640808e-02
3.309391066431999207e-02 3.370442613959312439e-02
3.310666605830192566e-02 3.377544507384300232e-02
3.312742337584495544e-02 3.393984213471412659e-02
3.317439556121826172e-02 3.384232148528099060e-02
3.314300253987312317e-02 3.398099169135093689e-02
3.313203155994415283e-02 3.389193490147590637e-02
3.300601243972778320e-02 3.311455622315406799e-02
3.304186090826988220e-02 3.338142111897468567e-02
3.304891288280487061e-02 3.354698792099952698e-02
3.304407000541687012e-02 3.355779871344566345e-02
3.285927698016166687e-02 3.239254280924797058e-02
3.302693739533424377e-02 3.356767818331718445e-02
3.304671868681907654e-02 3.352758660912513733e-02
3.303635120391845703e-02 3.345403820276260376e-02
3.301159292459487915e-02 3.342977166175842285e-02
3.306205943226814270e-02 3.310890868306159973e-02
3.308046236634254456e-02 3.350549936294555664e-02
3.298612311482429504e-02 3.312281891703605652e-02
3.309570997953414917e-02 3.325983136892318726e-02
3.294226899743080139e-02 3.298261016607284546e-02
3.312272205948829651e-02 3.339373320341110229e-02
3.297039493918418884e-02 3.289669007062911987e-02
3.297653421759605408e-02 3.217674419283866882e-02
3.301504626870155334e-02 3.329715132713317871e-02
3.300714120268821716e-02 3.336469456553459167e-02
3.296330943703651428e-02 3.306330367922782898e-02
3.303477913141250610e-02 3.354718163609504700e-02
3.296582773327827454e-02 3.304636850953102112e-02
3.306277841329574585e-02 3.344329074025154114e-02
3.302040696144104004e-02 3.333583474159240723e-02
3.304989263415336609e-02 3.299066424369812012e-02
3.302842751145362854e-02 3.323362395167350769e-02
3.307912498712539673e-02 3.349620103836059570e-02
3.291724994778633118e-02 3.264454752206802368e-02
3.281097486615180969e-02 3.189565613865852356e-02
3.299647569656372070e-02 3.303869068622589111e-02
3.305329754948616028e-02 3.324064239859580994e-02
3.295507282018661499e-02 3.279011324048042297e-02
3.295151144266128540e-02 3.294717893004417419e-02
3.294821828603744507e-02 3.296653181314468384e-02
3.291188925504684448e-02 3.257106617093086243e-02
3.293866664171218872e-02 3.267870470881462097e-02
3.308946266770362854e-02 3.311663866043090820e-02
3.302503004670143127e-02 3.312933072447776794e-02
3.309084475040435791e-02 3.349914029240608215e-02
3.291841968894004822e-02 3.275000303983688354e-02
3.302145004272460938e-02 3.282647952437400818e-02
3.291841596364974976e-02 3.286030516028404236e-02
3.313458338379859924e-02 3.332405537366867065e-02
3.287667408585548401e-02 3.230191394686698914e-02
3.298370167613029480e-02 3.288217633962631226e-02
3.290688991546630859e-02 3.211446106433868408e-02
3.308854997158050537e-02 3.313055634498596191e-02
3.293118998408317566e-02 3.236759454011917114e-02
3.279684111475944519e-02 3.208059072494506836e-02
3.288637846708297729e-02 3.251555562019348145e-02
3.301254659891128540e-02 3.300674259662628174e-02
3.280844166874885559e-02 3.229997307062149048e-02
3.298758342862129211e-02 3.217174857854843140e-02
3.296385332942008972e-02 3.245456516742706299e-02
3.298631682991981506e-02 3.259085491299629211e-02
3.284862264990806580e-02 3.232393413782119751e-02
3.305488452315330505e-02 3.313339129090309143e-02
3.286523371934890747e-02 3.204966709017753601e-02
3.294276818633079529e-02 3.252729400992393494e-02
3.289188817143440247e-02 3.225445747375488281e-02
3.276187926530838013e-02 3.223501890897750854e-02
3.271941095590591431e-02 3.196400403976440430e-02
3.304607793688774109e-02 3.321768715977668762e-02
3.289271146059036255e-02 3.271382302045822144e-02
3.215765580534934998e-02 3.033861890435218811e-02
3.320099413394927979e-02 3.270548209547996521e-02
3.301165997982025146e-02 3.364429995417594910e-02
3.299923613667488098e-02 3.223229199647903442e-02
3.275553509593009949e-02 3.180905431509017944e-02
3.360526636242866516e-02 3.307251259684562683e-02
3.272812813520431519e-02 3.124253638088703156e-02
3.270237147808074951e-02 3.065934963524341583e-02
3.268530964851379395e-02 2.981796488165855408e-02
3.247290477156639099e-02 2.952879481017589569e-02
3.284196928143501282e-02 3.065050020813941956e-02
3.268329426646232605e-02 3.034975193440914154e-02
3.214214742183685303e-02 2.577247098088264465e-02
3.253058716654777527e-02 2.895619161427021027e-02
3.264304995536804199e-02 2.922404184937477112e-02
3.258867561817169189e-02 2.925372868776321411e-02
3.266954421997070312e-02 2.897691167891025543e-02
3.264666721224784851e-02 2.899010106921195984e-02
3.243805840611457825e-02 2.858250215649604797e-02
3.250169008970260620e-02 2.901220321655273438e-02
3.248604387044906616e-02 2.966184169054031372e-02
3.267241641879081726e-02 2.995088882744312286e-02
3.252014517784118652e-02 2.967728115618228912e-02
3.267452120780944824e-02 3.005256690084934235e-02
3.225800022482872009e-02 2.681142464280128479e-02
3.286742791533470154e-02 3.149280697107315063e-02
3.294539824128150940e-02 3.183037415146827698e-02
3.294727578759193420e-02 3.158235177397727966e-02
3.295081108808517456e-02 3.177652508020401001e-02
3.297345712780952454e-02 3.158033639192581177e-02
3.282729908823966980e-02 3.106138855218887329e-02
3.274367749691009521e-02 3.060348704457283020e-02
3.246647864580154419e-02 2.988382428884506226e-02
3.245406970381736755e-02 2.967207320034503937e-02
3.275700286030769348e-02 3.010338172316551208e-02
3.250956162810325623e-02 2.948614396154880524e-02
3.226277977228164673e-02 2.502068504691123962e-02
3.242128342390060425e-02 2.771984413266181946e-02
3.264775872230529785e-02 2.997872233390808105e-02
3.261771798133850098e-02 2.929242700338363647e-02
3.231840953230857849e-02 2.906148508191108704e-02
3.268759697675704956e-02 3.015379980206489563e-02
3.253084421157836914e-02 2.966530621051788330e-02
3.259026631712913513e-02 2.933695726096630096e-02
3.274751454591751099e-02 2.949128672480583191e-02
3.270908445119857788e-02 3.011671453714370728e-02
3.272806107997894287e-02 3.030362352728843689e-02
3.201770037412643433e-02 2.706257253885269165e-02
3.186424449086189270e-02 2.519637160003185272e-02
3.263303637504577637e-02 2.945701777935028076e-02
3.258987143635749817e-02 2.912081032991409302e-02
3.261976316571235657e-02 2.875185012817382812e-02
3.261075541377067566e-02 2.890273183584213257e-02
3.247687593102455139e-02 2.829295955598354340e-02
3.261663392186164856e-02 2.895396202802658081e-02
3.244244679808616638e-02 2.810200303792953491e-02
3.250465169548988342e-02 2.809132821857929230e-02
3.247775882482528687e-02 2.822096459567546844e-02
3.252764046192169189e-02 2.809864655137062073e-02
3.250827640295028687e-02 2.873319201171398163e-02
3.251439332962036133e-02 2.633158862590789795e-02
3.255325183272361755e-02 2.907737530767917633e-02
3.261180594563484192e-02 2.933253347873687744e-02
3.244522958993911743e-02 2.832983434200286865e-02
3.253748640418052673e-02 2.856638282537460327e-02
3.282994776964187622e-02 3.032431006431579590e-02
3.274935483932495117e-02 2.965539321303367615e-02
3.274600580334663391e-02 2.993179857730865479e-02
3.279913961887359619e-02 3.131930530071258545e-02
3.302454948425292969e-02 3.147236257791519165e-02
3.279881924390792847e-02 3.209293261170387268e-02
3.292677178978919983e-02 3.170223906636238098e-02
3.255537152290344238e-02 2.793601900339126587e-02
3.283952176570892334e-02 3.119335696101188660e-02
3.284544497728347778e-02 3.159077465534210205e-02
3.273361921310424805e-02 3.108095191419124603e-02
3.278614580631256104e-02 3.107417002320289612e-02
3.265929594635963440e-02 3.014408424496650696e-02
3.277141600847244263e-02 3.067772835493087769e-02
3.287319839000701904e-02 3.147549182176589966e-02
3.286684304475784302e-02 3.155818581581115723e-02
3.287212178111076355e-02 3.124007582664489746e-02
3.284404799342155457e-02 3.149892762303352356e-02
3.286329284310340881e-02 3.148009628057479858e-02
3.239446133375167847e-02 2.712528966367244720e-02
3.283752128481864929e-02 3.143193945288658142e-02
3.288744017481803894e-02 3.169124200940132141e-02
3.266594931483268738e-02 3.056805022060871124e-02
3.267975524067878723e-02 3.038583323359489441e-02
3.294771537184715271e-02 3.220498561859130859e-02
3.288635239005088806e-02 3.181919828057289124e-02
3.275897353887557983e-02 3.033131733536720276e-02
3.249925747513771057e-02 2.845144644379615784e-02
3.270898014307022095e-02 3.002892807126045227e-02
3.240270167589187622e-02 2.849361486732959747e-02
3.230009227991104126e-02 2.828362211585044861e-02
3.132662177085876465e-02 2.040410786867141724e-02
3.244491294026374817e-02 2.911827899515628815e-02
3.242381289601325989e-02 2.870107069611549377e-02
3.239772468805313110e-02 2.841851115226745605e-02
3.247442841529846191e-02 2.884961664676666260e-02
3.246040269732475281e-02 2.903101965785026550e-02
3.254785388708114624e-02 2.943169698119163513e-02
3.259424865245819092e-02 2.992309257388114929e-02
3.251185640692710876e-02 2.918106317520141602e-02
3.231575340032577515e-02 2.871458977460861206e-02
3.236212581396102905e-02 2.830222807824611664e-02
3.310360386967658997e-02 3.069128096103668213e-02
3.234354779124259949e-02 2.667406946420669556e-02
3.278367593884468079e-02 3.112041391432285309e-02
3.273462504148483276e-02 3.086587227880954742e-02
3.271953761577606201e-02 3.060808591544628143e-02
3.276835381984710693e-02 3.082307800650596619e-02
3.283809125423431396e-02 3.137471526861190796e-02
3.288805112242698669e-02 3.176825493574142456e-02
3.279933705925941467e-02 3.111855499446392059e-02
3.279247507452964783e-02 3.105680085718631744e-02
3.279172256588935852e-02 3.110492229461669922e-02
3.258411958813667297e-02 2.998801320791244507e-02
3.277863189578056335e-02 3.068598918616771698e-02
3.196283429861068726e-02 2.426144480705261230e-02
3.269249200820922852e-02 3.009254299104213715e-02
3.257758915424346924e-02 2.968755736947059631e-02
3.265052661299705505e-02 3.011845983564853668e-02
3.235978633165359497e-02 2.847882360219955444e-02
3.247856348752975464e-02 2.915442176163196564e-02
3.252860531210899353e-02 2.934582158923149109e-02
3.252951428294181824e-02 2.886939048767089844e-02
3.253316879272460938e-02 2.866436913609504700e-02
3.253939002752304077e-02 2.866479940712451935e-02
3.259583562612533569e-02 2.949805557727813721e-02
3.267658129334449768e-02 3.032018244266510010e-02
3.216247260570526123e-02 2.709248289465904236e-02
3.266056999564170837e-02 3.096393309533596039e-02
3.264266625046730042e-02 3.086692281067371368e-02
3.264854103326797485e-02 3.034475445747375488e-02
3.273439407348632812e-02 3.086535446345806122e-02
3.274932131171226501e-02 3.024992719292640686e-02
3.302322700619697571e-02 3.162770345807075500e-02
3.317465633153915405e-02 3.300607576966285706e-02
3.291890025138854980e-02 3.125422075390815735e-02
3.273332118988037109e-02 3.060290031135082245e-02
3.256330266594886780e-02 3.004912286996841431e-02
3.281236067414283752e-02 3.234963119029998779e-02
3.231606632471084595e-02 2.886846475303173065e-02
3.281898424029350281e-02 3.149018436670303345e-02
3.277445957064628601e-02 3.089559078216552734e-02
3.292523697018623352e-02 3.169915452599525452e-02
3.283092379570007324e-02 3.098769113421440125e-02
3.288558498024940491e-02 3.137640282511711121e-02
3.287351503968238831e-02 3.172195702791213989e-02
3.295752033591270447e-02 3.222277015447616577e-02
3.296718001365661621e-02 3.239513561129570007e-02
3.298899903893470764e-02 3.262044489383697510e-02
3.280710428953170776e-02 3.183289617300033569e-02
3.297579661011695862e-02 3.242376074194908142e-02
3.228303417563438416e-02 2.725700475275516510e-02
3.254279494285583496e-02 2.908994257450103760e-02
3.249821439385414124e-02 2.905454486608505249e-02
3.263233602046966553e-02 2.982912212610244751e-02
3.263735398650169373e-02 2.974330261349678040e-02
3.253768011927604675e-02 2.930857986211776733e-02
3.264334052801132202e-02 3.005414269864559174e-02
3.262656554579734802e-02 3.059580735862255096e-02
3.274923563003540039e-02 3.109561651945114136e-02
3.288872912526130676e-02 3.231984004378318787e-02
3.282151371240615845e-02 3.142777085304260254e-02
3.286626935005187988e-02 3.158280998468399048e-02
3.288858383893966675e-02 3.086931630969047546e-02
3.307193517684936523e-02 3.354728594422340393e-02
3.340248763561248779e-02 3.654580935835838318e-02
3.308514505624771118e-02 3.344357758760452271e-02
3.293214365839958191e-02 3.250275924801826477e-02
3.288057446479797363e-02 3.219274058938026428e-02
3.283527866005897522e-02 3.166436031460762024e-02
3.283575922250747681e-02 3.201942890882492065e-02
3.290753439068794250e-02 3.232457116246223450e-02
3.302420303225517273e-02 3.281623870134353638e-02
3.323734551668167114e-02 3.373408690094947815e-02
3.314432501792907715e-02 3.306899964809417725e-02
3.317586332559585571e-02 3.265013918280601501e-02
3.290804475545883179e-02 3.191465139389038086e-02
3.287863731384277344e-02 3.204856067895889282e-02
3.290613740682601929e-02 3.176078945398330688e-02
3.288624808192253113e-02 3.165245428681373596e-02
3.281926736235618591e-02 3.135654330253601074e-02
3.281589597463607788e-02 3.156350553035736084e-02
3.296163678169250488e-02 3.245158120989799500e-02
3.282026201486587524e-02 3.179436922073364258e-02
3.289750590920448303e-02 3.203797340393066406e-02
3.297781199216842651e-02 3.229967877268791199e-02
3.299755230545997620e-02 3.207746148109436035e-02
3.269048780202865601e-02 2.863513119518756866e-02
3.308764100074768066e-02 3.269636258482933044e-02
3.329104557633399963e-02 3.423484042286872864e-02
3.335973620414733887e-02 3.454528376460075378e-02
3.330095857381820679e-02 3.446217626333236694e-02
3.308766335248947144e-02 3.378391638398170471e-02
3.308723866939544678e-02 3.368392586708068848e-02
3.311168029904365540e-02 3.453109413385391235e-02
3.322826325893402100e-02 3.447205573320388794e-02
3.348735347390174866e-02 3.635214641690254211e-02
3.339460119605064392e-02 3.534438461065292358e-02
3.396948799490928650e-02 4.104031622409820557e-02
3.404868021607398987e-02 3.860346972942352295e-02
3.352725878357887268e-02 3.698516637086868286e-02
3.343150392174720764e-02 3.526418283581733704e-02
3.327005356550216675e-02 3.498528897762298584e-02
3.328161686658859253e-02 3.483118489384651184e-02
3.322770446538925171e-02 3.442687913775444031e-02
3.336336836218833923e-02 3.534442186355590820e-02
3.336196765303611755e-02 3.562454506754875183e-02
3.352749347686767578e-02 3.732307627797126770e-02
3.369639813899993896e-02 3.821938484907150269e-02
3.396550565958023071e-02 4.066476225852966309e-02
3.447668626904487610e-02 4.411638528108596802e-02
3.459122404456138611e-02 4.396376013755798340e-02
3.418170288205146790e-02 4.227482900023460388e-02
3.390228003263473511e-02 4.050574451684951782e-02
3.351274877786636353e-02 3.797337785363197327e-02
3.390674293041229248e-02 4.027498513460159302e-02
3.364149481058120728e-02 3.618669137358665466e-02
3.310179337859153748e-02 3.403215482831001282e-02
3.334607183933258057e-02 3.471999615430831909e-02
3.415855020284652710e-02 3.909813612699508667e-02
3.339583054184913635e-02 3.496941924095153809e-02
3.328129276633262634e-02 3.439833968877792358e-02
3.388248011469841003e-02 3.675261139869689941e-02
3.330546617507934570e-02 3.384565562009811401e-02
3.320569545030593872e-02 3.472217917442321777e-02
3.400483354926109314e-02 3.845998644828796387e-02
3.321695700287818909e-02 3.543307259678840637e-02
3.305339813232421875e-02 3.266683220863342285e-02
3.393869847059249878e-02 3.360162302851676941e-02
3.310699760913848877e-02 3.274838998913764954e-02
3.282276168465614319e-02 3.142846375703811646e-02
3.288850188255310059e-02 3.067787177860736847e-02
3.285923600196838379e-02 3.227674216032028198e-02
3.302810713648796082e-02 3.281448408961296082e-02
3.323461860418319702e-02 3.194076195359230042e-02
3.255866095423698425e-02 2.704038470983505249e-02
3.312206268310546875e-02 3.296517580747604370e-02
3.352909162640571594e-02 3.252415731549263000e-02
3.315476700663566589e-02 3.348055854439735413e-02
3.315018862485885620e-02 3.384655341506004333e-02
3.334888070821762085e-02 3.411648795008659363e-02
3.317164629697799683e-02 3.248884156346321106e-02
3.309807926416397095e-02 3.300439193844795227e-02
3.385236859321594238e-02 3.415085002779960632e-02
3.322281315922737122e-02 3.321545198559761047e-02
3.316473588347434998e-02 3.338359668850898743e-02
3.372533619403839111e-02 3.644337132573127747e-02
3.306175768375396729e-02 3.252423182129859924e-02
3.328813612461090088e-02 3.424080088734626770e-02
3.364648669958114624e-02 3.583992645144462585e-02
3.323304280638694763e-02 3.397320955991744995e-02
3.318899124860763550e-02 3.391698375344276428e-02
3.392288088798522949e-02 3.776155412197113037e-02
3.306410834193229675e-02 3.347169235348701477e-02
3.309901803731918335e-02 3.357544168829917908e-02
3.335841000080108643e-02 3.582562506198883057e-02
3.326463326811790466e-02 3.397160768508911133e-02
3.342423588037490845e-02 3.488577902317047119e-02
3.395612537860870361e-02 3.770980611443519592e-02
3.387178108096122742e-02 3.661904484033584595e-02
3.341744095087051392e-02 3.482845425605773926e-02
3.314255177974700928e-02 3.327605500817298889e-02
3.319373354315757751e-02 3.346964344382286072e-02
3.310166671872138977e-02 3.288755938410758972e-02
3.301713243126869202e-02 3.261549398303031921e-02
3.295389562845230103e-02 3.242302313446998596e-02
3.321402892470359802e-02 3.361645340919494629e-02
3.329073265194892883e-02 3.349382057785987854e-02
3.288644552230834961e-02 3.194653242826461792e-02
3.320284932851791382e-02 3.288046643137931824e-02
3.282594680786132812e-02 3.155263140797615051e-02
3.370008245110511780e-02 3.672347217798233032e-02
3.312024101614952087e-02 3.369391709566116333e-02
3.302138671278953552e-02 3.280346095561981201e-02
3.313934803009033203e-02 3.253210708498954773e-02
3.295420110225677490e-02 3.179225325584411621e-02
3.335754200816154480e-02 3.332523256540298462e-02
3.334388136863708496e-02 3.337186574935913086e-02
3.317284584045410156e-02 3.339166566729545593e-02
3.302024677395820618e-02 3.288884460926055908e-02
3.306533396244049072e-02 3.289285302162170410e-02
3.303468972444534302e-02 3.269955143332481384e-02
3.301689401268959045e-02 3.246247023344039917e-02
3.405091539025306702e-02 3.716661036014556885e-02
3.296067938208580017e-02 3.310467302799224854e-02
3.305204212665557861e-02 3.325329720973968506e-02
3.309394791722297668e-02 3.361705318093299866e-02
3.352767229080200195e-02 3.592889383435249329e-02
3.298861533403396606e-02 3.393906354904174805e-02
3.315992653369903564e-02 3.385150432586669922e-02
3.302894160151481628e-02 3.386739641427993774e-02
3.351335600018501282e-02 3.638999909162521362e-02
3.299663960933685303e-02 3.319497033953666687e-02
3.282104060053825378e-02 3.253565728664398193e-02
3.315797075629234314e-02 3.377845138311386108e-02
3.372177854180335999e-02 3.724607825279235840e-02
3.334296494722366333e-02 3.558353707194328308e-02
3.333119302988052368e-02 3.471193462610244751e-02
3.302278742194175720e-02 3.336572647094726562e-02
3.303157538175582886e-02 3.319741412997245789e-02
3.272532671689987183e-02 3.094851225614547729e-02
3.314036875963211060e-02 3.396119177341461182e-02
3.260675817728042603e-02 3.110601194202899933e-02
3.306312486529350281e-02 3.262564539909362793e-02
3.280748426914215088e-02 3.193716704845428467e-02
3.256292268633842468e-02 3.059764765202999115e-02
3.255675733089447021e-02 3.000341728329658508e-02
3.250891715288162231e-02 3.205931186676025391e-02
3.260349482297897339e-02 3.027062863111495972e-02
3.309838473796844482e-02 3.371541947126388550e-02
3.300959616899490356e-02 3.186593949794769287e-02
3.281962871551513672e-02 3.222664445638656616e-02
3.343503549695014954e-02 3.530399873852729797e-02
3.268079832196235657e-02 3.208842128515243530e-02
3.281193226575851440e-02 3.285842388868331909e-02
3.179316967725753784e-02 2.928500622510910034e-02
3.202964365482330322e-02 3.006083145737648010e-02
3.144063055515289307e-02 2.580150216817855835e-02
3.333437442779541016e-02 3.640292212367057800e-02
3.354428336024284363e-02 4.065107181668281555e-02
3.317883983254432678e-02 3.543561697006225586e-02
3.402195498347282410e-02 4.095024242997169495e-02
3.342737257480621338e-02 3.584356606006622314e-02
3.341286256909370422e-02 3.548138588666915894e-02
3.384663909673690796e-02 3.616845607757568359e-02
3.358423709869384766e-02 3.682137653231620789e-02
3.384028747677803040e-02 3.691541403532028198e-02
3.736083209514617920e-02 6.217437610030174255e-02
3.299349546432495117e-02 3.268820047378540039e-02
3.286680206656455994e-02 3.189171850681304932e-02
3.288737684488296509e-02 3.401732444763183594e-02
3.315586969256401062e-02 3.352216258645057678e-02
3.292824700474739075e-02 3.253995999693870544e-02
3.318120539188385010e-02 3.297962620854377747e-02
3.298969194293022156e-02 3.274786844849586487e-02
3.316463157534599304e-02 3.371521085500717163e-02
3.334174305200576782e-02 3.550740331411361694e-02
3.322302177548408508e-02 3.396669775247573853e-02
3.306273743510246277e-02 3.305909037590026855e-02
3.363436833024024963e-02 3.749078884720802307e-02
3.334369510412216187e-02 3.532941639423370361e-02
3.327203541994094849e-02 3.651435673236846924e-02
3.362154588103294373e-02 3.789741918444633484e-02
3.441093489527702332e-02 4.589315876364707947e-02
3.307515382766723633e-02 3.301596269011497498e-02
3.320128470659255981e-02 3.333528339862823486e-02
3.328148275613784790e-02 3.439458459615707397e-02
3.293386101722717285e-02 3.204391151666641235e-02
3.319098800420761108e-02 3.353073447942733765e-02
3.304783627390861511e-02 3.253965824842453003e-02
3.290220350027084351e-02 3.149693831801414490e-02
3.299386799335479736e-02 3.195562213659286499e-02
3.293746337294578552e-02 3.209409862756729126e-02
3.290110453963279724e-02 3.193524479866027832e-02
3.309575468301773071e-02 3.380834683775901794e-02
3.303923085331916809e-02 3.390280902385711670e-02
3.303800523281097412e-02 3.366021439433097839e-02
3.312461078166961670e-02 3.461835533380508423e-02
3.296745568513870239e-02 3.265558183193206787e-02
3.355965763330459595e-02 3.882233798503875732e-02
3.343966975808143616e-02 3.528484329581260681e-02
3.301494568586349487e-02 3.206022456288337708e-02
3.324348479509353638e-02 3.386021032929420471e-02
3.307973220944404602e-02 3.142987564206123352e-02
3.314227610826492310e-02 3.235350549221038818e-02
3.296978399157524109e-02 3.190026059746742249e-02
3.270458430051803589e-02 3.106960840523242950e-02
3.310421481728553772e-02 3.448522835969924927e-02
3.267906233668327332e-02 3.218962997198104858e-02
3.288011252880096436e-02 3.274006396532058716e-02
3.250535950064659119e-02 3.107348084449768066e-02
3.300395235419273376e-02 3.233454748988151550e-02
3.316049277782440186e-02 3.246590122580528259e-02
3.310742974281311035e-02 3.236572071909904480e-02
3.319157660007476807e-02 3.314713761210441589e-02
3.255306929349899292e-02 3.018980473279953003e-02
3.241651132702827454e-02 2.967595681548118591e-02
3.221516683697700500e-02 2.899408154189586639e-02
3.217541426420211792e-02 2.863219194114208221e-02
3.342933952808380127e-02 3.562821075320243835e-02
3.297485411167144775e-02 3.220279142260551453e-02
3.317008540034294128e-02 3.488756716251373291e-02
3.290125355124473572e-02 3.148594871163368225e-02
3.294739499688148499e-02 3.406101837754249573e-02
3.354160487651824951e-02 3.769090399146080017e-02
3.386307880282402039e-02 4.066026955842971802e-02
3.272608667612075806e-02 3.036012873053550720e-02
3.294529393315315247e-02 3.065963461995124817e-02
3.312431275844573975e-02 3.173800930380821228e-02
3.303897753357887268e-02 3.151383623480796814e-02
3.269078209996223450e-02 3.005704842507839203e-02
3.408140689134597778e-02 3.815877437591552734e-02
3.284122049808502197e-02 3.121880069375038147e-02
3.292630240321159363e-02 3.083287738263607025e-02
3.284281864762306213e-02 3.055320680141448975e-02
3.294493630528450012e-02 3.068895824253559113e-02
3.292027860879898071e-02 3.006990812718868256e-02
3.263517096638679504e-02 2.904248051345348358e-02
3.272403776645660400e-02 2.992012351751327515e-02
3.262634575366973877e-02 2.968049608170986176e-02
3.261747211217880249e-02 2.956572733819484711e-02
3.281509876251220703e-02 3.003820776939392090e-02
3.274198621511459351e-02 2.956150285899639130e-02
3.390435129404067993e-02 3.453975915908813477e-02
3.310681879520416260e-02 3.104203008115291595e-02
3.302531316876411438e-02 3.050679340958595276e-02
3.271448239684104919e-02 2.914834767580032349e-02
3.269438445568084717e-02 2.969281747937202454e-02
3.261808305978775024e-02 3.126226738095283508e-02
3.267233818769454956e-02 3.014828264713287354e-02
3.262337669730186462e-02 2.907831035554409027e-02
3.334956988692283630e-02 3.267452120780944824e-02
3.395059704780578613e-02 3.349010646343231201e-02
3.306424245238304138e-02 2.967252582311630249e-02
3.319514915347099304e-02 2.964386716485023499e-02
3.324159607291221619e-02 2.778967469930648804e-02
3.283550590276718140e-02 2.769483067095279694e-02
3.305817395448684692e-02 2.785316482186317444e-02
3.332310914993286133e-02 2.915815636515617371e-02
3.341279178857803345e-02 2.904398366808891296e-02
3.430358320474624634e-02 3.308793529868125916e-02
3.501747921109199524e-02 3.623478114604949951e-02
3.543782234191894531e-02 3.884404897689819336e-02
3.698808327317237854e-02 4.771784693002700806e-02
3.775246068835258484e-02 5.597465485334396362e-02
3.601026535034179688e-02 4.499764367938041687e-02
3.380572795867919922e-02 2.974541857838630676e-02
3.568763285875320435e-02 4.389069229364395142e-02
3.381583467125892639e-02 3.183664381504058838e-02
3.424827754497528076e-02 3.549132496118545532e-02
3.498240560293197632e-02 4.047434777021408081e-02
3.630311414599418640e-02 4.873704165220260620e-02
3.355901688337326050e-02 3.677658364176750183e-02
3.187509253621101379e-02 2.588062360882759094e-02
3.237056732177734375e-02 2.846433222293853760e-02
3.259038180112838745e-02 3.017752617597579956e-02
3.156282380223274231e-02 2.252873033285140991e-02
3.227490931749343872e-02 2.969348430633544922e-02
3.203977644443511963e-02 2.732103317975997925e-02
3.207818418741226196e-02 2.931834757328033447e-02
3.173545375466346741e-02 2.588298544287681580e-02
3.175090998411178589e-02 2.439366281032562256e-02
3.192430734634399414e-02 2.546099945902824402e-02
3.216873481869697571e-02 2.772750332951545715e-02
3.272554650902748108e-02 3.183608502149581909e-02
3.240227699279785156e-02 2.841329202055931091e-02
3.220540657639503479e-02 2.763722836971282959e-02
3.317657485604286194e-02 3.225178271532058716e-02
3.248802199959754944e-02 2.770766802132129669e-02
3.278205543756484985e-02 2.945946529507637024e-02
3.361123427748680115e-02 3.425436839461326599e-02
3.238188475370407104e-02 2.648536674678325653e-02
3.239355608820915222e-02 2.838331460952758789e-02
3.224616870284080505e-02 2.816664054989814758e-02
3.215564042329788208e-02 2.793309465050697327e-02
3.226978704333305359e-02 2.806818298995494843e-02
3.338602930307388306e-02 3.316196426749229431e-02
3.274636715650558472e-02 2.962028607726097107e-02
3.264440223574638367e-02 2.854719758033752441e-02
3.305947408080101013e-02 3.021165914833545685e-02
3.264088928699493408e-02 2.880170382559299469e-02
3.262906149029731750e-02 2.880829945206642151e-02
3.284575045108795166e-02 2.994923666119575500e-02
3.293665871024131775e-02 3.116714395582675934e-02
3.323690965771675110e-02 3.240998834371566772e-02
3.253239393234252930e-02 2.910503186285495758e-02
3.255854547023773193e-02 2.848367020487785339e-02
3.255371376872062683e-02 2.946968935430049896e-02
3.357695788145065308e-02 3.753215447068214417e-02
3.325653821229934692e-02 3.341177850961685181e-02
3.302345424890518188e-02 3.254761919379234314e-02
3.319868817925453186e-02 3.229723870754241943e-02
3.318243101239204407e-02 3.360819444060325623e-02
3.350732102990150452e-02 3.639528155326843262e-02
3.332710638642311096e-02 3.980249539017677307e-02
3.417651355266571045e-02 3.912739828228950500e-02
3.294707462191581726e-02 3.036392107605934143e-02
3.239044174551963806e-02 2.845479920506477356e-02
3.250448778271675110e-02 3.042051382362842560e-02
3.237196430563926697e-02 2.858845144510269165e-02
3.253046050667762756e-02 3.016004711389541626e-02
3.266923129558563232e-02 3.136885911226272583e-02
3.284791857004165649e-02 3.187957778573036194e-02
3.266441449522972107e-02 3.066496923565864563e-02
3.279092535376548767e-02 3.141210973262786865e-02
3.262422606348991394e-02 2.974565327167510986e-02
3.289856761693954468e-02 3.235277533531188965e-02
3.241396695375442505e-02 2.863796427845954895e-02
3.277951478958129883e-02 3.159335628151893616e-02
3.284022584557533264e-02 3.195202350616455078e-02
3.239337354898452759e-02 2.919272892177104950e-02
3.230606764554977417e-02 2.915087714791297913e-02
3.269441798329353333e-02 3.226166218519210815e-02
3.279350325465202332e-02 3.164054825901985168e-02
3.255135565996170044e-02 2.954937703907489777e-02
3.301085904240608215e-02 3.345595672726631165e-02
3.260507807135581970e-02 3.045433573424816132e-02
3.274471312761306763e-02 3.266495838761329651e-02
3.305165842175483704e-02 3.619815781712532043e-02
3.321887180209159851e-02 3.487997129559516907e-02
3.228333964943885803e-02 2.888947725296020508e-02
3.247828409075737000e-02 3.154220804572105408e-02
3.297747299075126648e-02 3.433878719806671143e-02
3.256991505622863770e-02 3.193631768226623535e-02
3.307766467332839966e-02 3.437287732958793640e-02
3.245750814676284790e-02 3.050032071769237518e-02
3.268745169043540955e-02 3.202232345938682556e-02
3.206440806388854980e-02 2.921685017645359039e-02
3.265762329101562500e-02 3.254006803035736084e-02
3.335268795490264893e-02 3.656138852238655090e-02
3.351602703332901001e-02 3.722315654158592224e-02
3.404605016112327576e-02 4.108440876007080078e-02
3.408350422978401184e-02 4.232538118958473206e-02
3.411089256405830383e-02 4.182158038020133972e-02
3.419898077845573425e-02 4.602469876408576965e-02
3.526588901877403259e-02 5.103145539760589600e-02
3.534972295165061951e-02 5.313710123300552368e-02
3.347682207822799683e-02 3.760526329278945923e-02
3.337858989834785461e-02 3.691770136356353760e-02
3.336162865161895752e-02 3.584229573607444763e-02
3.371687233448028564e-02 3.827354311943054199e-02
3.384395688772201538e-02 3.800915926694869995e-02
3.345817327499389648e-02 3.620348125696182251e-02
3.456680849194526672e-02 4.139898717403411865e-02
3.357055410742759705e-02 3.877892345190048218e-02
3.338132426142692566e-02 3.690740838646888733e-02
3.377195820212364197e-02 4.097683355212211609e-02
3.393799439072608948e-02 4.038993269205093384e-02
3.377793356776237488e-02 3.944453224539756775e-02
3.400817513465881348e-02 4.051372036337852478e-02
3.428677469491958618e-02 4.364397376775741577e-02
3.639129176735877991e-02 6.065701693296432495e-02
3.690310195088386536e-02 6.713815033435821533e-02
3.612529858946800232e-02 5.936655402183532715e-02
3.500281274318695068e-02 4.824102669954299927e-02
3.415933251380920410e-02 4.353363811969757080e-02
3.474488481879234314e-02 4.781585186719894409e-02
3.384697437286376953e-02 4.072345048189163208e-02
3.330231457948684692e-02 3.674502298235893250e-02
3.344169631600379944e-02 3.683643788099288940e-02
3.404828533530235291e-02 4.255447164177894592e-02
3.391056507825851440e-02 4.059177637100219727e-02
3.388049080967903137e-02 4.136637598276138306e-02
3.400043025612831116e-02 4.139651730656623840e-02
3.414213284850120544e-02 4.182634502649307251e-02
3.452348709106445312e-02 4.584107175469398499e-02
3.621814399957656860e-02 5.896124243736267090e-02
3.621504083275794983e-02 5.582451447844505310e-02
3.493236750364303589e-02 4.799216240644454956e-02
3.355952352285385132e-02 3.803006932139396667e-02
3.362476080656051636e-02 3.970165550708770752e-02
3.356664627790451050e-02 3.869770467281341553e-02
3.309777751564979553e-02 3.624547645449638367e-02
3.232943639159202576e-02 3.115072846412658691e-02
3.303154557943344116e-02 3.526298329234123230e-02
3.306864202022552490e-02 3.507108241319656372e-02
3.367217630147933960e-02 3.750784695148468018e-02
3.356226906180381775e-02 3.739405050873756409e-02
3.375165536999702454e-02 3.710035979747772217e-02
3.445439040660858154e-02 4.342878609895706177e-02
3.375695645809173584e-02 3.942795470356941223e-02
3.350073844194412231e-02 3.652725368738174438e-02
3.318003937602043152e-02 3.617172688245773315e-02
3.325782716274261475e-02 3.482136130332946777e-02
3.368357568979263306e-02 3.722660988569259644e-02
3.371368721127510071e-02 3.790721669793128967e-02
3.357433155179023743e-02 3.681152313947677612e-02
3.408701345324516296e-02 3.928244113922119141e-02
3.393499553203582764e-02 3.933672234416007996e-02
3.447282686829566956e-02 4.464668408036231995e-02
3.482780978083610535e-02 4.604216665029525757e-02
3.471109643578529358e-02 4.769024252891540527e-02
3.357470035552978516e-02 3.862993419170379639e-02
3.428195044398307800e-02 4.375337809324264526e-02
3.345104679465293884e-02 3.748406097292900085e-02
3.341881930828094482e-02 3.729068860411643982e-02
3.330118954181671143e-02 3.643119707703590393e-02
3.296994790434837341e-02 3.449796140193939209e-02
3.303360566496849060e-02 3.555048629641532898e-02
3.325586020946502686e-02 3.629493340849876404e-02
3.332568332552909851e-02 3.744762763381004333e-02
3.317798674106597900e-02 3.586080670356750488e-02
3.361328318715095520e-02 3.836761042475700378e-02
3.377366438508033752e-02 3.949980437755584717e-02
3.437316417694091797e-02 4.399397969245910645e-02
3.479138016700744629e-02 4.794701933860778809e-02
3.525668755173683167e-02 5.043601244688034058e-02
3.509777784347534180e-02 5.039116367697715759e-02
3.481408581137657166e-02 4.789736494421958923e-02
3.440813347697257996e-02 4.510312899947166443e-02
3.349890932440757751e-02 3.819472342729568481e-02
3.378478437662124634e-02 4.056552425026893616e-02
3.387355059385299683e-02 4.076174274086952209e-02
3.340515866875648499e-02 3.802266716957092285e-02
3.367221727967262268e-02 4.035801440477371216e-02
3.323196247220039368e-02 3.768769651651382446e-02
3.329075872898101807e-02 3.623427078127861023e-02
3.336455300450325012e-02 3.594207763671875000e-02
3.337554261088371277e-02 3.583297878503799438e-02
3.367725759744644165e-02 3.775312379002571106e-02
3.354375064373016357e-02 3.602642938494682312e-02
3.332308307290077209e-02 3.479303419589996338e-02
3.338793665170669556e-02 3.533160313963890076e-02
3.343741968274116516e-02 3.545921295881271362e-02
3.328981250524520874e-02 3.538856655359268188e-02
3.326894715428352356e-02 3.568916767835617065e-02
3.335386887192726135e-02 3.719509020447731018e-02
3.378638252615928650e-02 4.099852591753005981e-02
3.392178565263748169e-02 4.095298424363136292e-02
3.415171429514884949e-02 4.273770749568939209e-02
3.419782593846321106e-02 4.320834577083587646e-02
3.457298129796981812e-02 4.548383504152297974e-02
3.444164246320724487e-02 4.445737227797508240e-02
3.517461940646171570e-02 4.974840208888053894e-02
3.451576083898544312e-02 4.475870728492736816e-02
3.462915495038032532e-02 4.523487389087677002e-02
3.439213335514068604e-02 4.337044060230255127e-02
3.315531834959983826e-02 3.426539525389671326e-02
3.317139670252799988e-02 3.474669530987739563e-02
3.340985998511314392e-02 3.709187358617782593e-02
3.323478996753692627e-02 3.565295413136482239e-02
3.312093392014503479e-02 3.432654216885566711e-02
3.325645253062248230e-02 3.508710861206054688e-02
3.317128866910934448e-02 3.454065695405006409e-02
3.318590298295021057e-02 3.431927785277366638e-02
3.303989768028259277e-02 3.339423984289169312e-02
3.306508809328079224e-02 3.372259810566902161e-02
3.297093138098716736e-02 3.360179439187049866e-02
3.301648050546646118e-02 3.409597650170326233e-02
3.299472481012344360e-02 3.387048840522766113e-02
3.307820111513137817e-02 3.381171822547912598e-02
3.330891579389572144e-02 3.512272983789443970e-02
3.327861428260803223e-02 3.505876287817955017e-02
3.332310169935226440e-02 3.551080077886581421e-02
3.325478732585906982e-02 3.567721694707870483e-02
3.327338397502899170e-02 3.570606186985969543e-02
3.331523761153221130e-02 3.664042800664901733e-02
3.339159861207008362e-02 3.747237846255302429e-02
3.366196155548095703e-02 3.928989544510841370e-02
nan nan
